                  mocknum                 nthreads       getmock_calcwtheta                 numtbins              stack_boxes            push_box2catz             get_ra_dec_z             bin_redshifs              get_randoms                 numrands      push_box2catz_Rands       get_ra_dec_z_Rands       bin_redshifs_Rands                     zbin                  numgals              calc_wtheta            galgal_counts          randrand_counts           galrand_counts             counts_to_cf
               40819.1224                       32       1554740666.8164673                       74                      0.0                      0.0                     0.01                     0.11                     0.14                  3802056                      0.0                     0.03                     0.11                     0.67                  1500904                     3.02                     0.81                     0.79                     1.42                      0.0
          40819.1224                  32  1554740666.8164673                  74                 0.0                 0.0                0.01                0.11                0.14             3802056                 0.0                0.03                0.11                 1.2             1635207                7.39                2.13                2.07                3.19                 0.0
          40819.1224                  32  1554740666.8164673                  74                 0.0                 0.0                0.01                0.11                0.14             3802056                 0.0                0.03                0.11                1.73              665945                2.08                0.65                0.63                 0.8                 0.0
               40819.1237                       32       1554741438.8113394                       74                      0.0                      0.0                     0.01                     0.11                     0.16                  3808704                      0.0                     0.03                     0.12                     0.67                  1502610                     3.04                     0.79                     0.81                     1.44                      0.0
          40819.1237                  32  1554741438.8113394                  74                 0.0                 0.0                0.01                0.11                0.16             3808704                 0.0                0.03                0.12                 1.2             1637584                7.44                2.12                2.11                3.21                 0.0
          40819.1237                  32  1554741438.8113394                  74                 0.0                 0.0                0.01                0.11                0.16             3808704                 0.0                0.03                0.12                1.73              668510                2.06                0.64                0.63                 0.8                 0.0
                40819.125                       32       1554742210.1647704                       74                      0.0                      0.0                     0.01                     0.11                     0.15                  3805160                      0.0                     0.03                     0.11                     0.67                  1501102                     2.99                     0.79                     0.78                     1.42                      0.0
           40819.125                  32  1554742210.1647704                  74                 0.0                 0.0                0.01                0.11                0.15             3805160                 0.0                0.03                0.11                 1.2             1636454                7.38                2.06                2.09                3.23                 0.0
           40819.125                  32  1554742210.1647704                  74                 0.0                 0.0                0.01                0.11                0.15             3805160                 0.0                0.03                0.11                1.73              667604                2.06                0.64                0.62                0.79                 0.0
               40819.1302                       32        1554742973.098061                       74                      0.0                      0.0                     0.01                     0.11                     0.14                  3807448                      0.0                     0.03                     0.11                     0.67                  1503355                     2.98                     0.77                     0.79                     1.41                      0.0
          40819.1302                  32   1554742973.098061                  74                 0.0                 0.0                0.01                0.11                0.14             3807448                 0.0                0.03                0.11                 1.2             1636828                7.51                2.09                2.12                 3.3                 0.0
          40819.1302                  32   1554742973.098061                  74                 0.0                 0.0                0.01                0.11                0.14             3807448                 0.0                0.03                0.11                1.73              667265                2.07                0.65                0.62                 0.8                 0.0
               40819.1315                       32       1554743743.8975816                       74                      0.0                      0.0                     0.01                     0.11                     0.14                  3810488                      0.0                     0.03                     0.11                     0.67                  1503867                     3.01                     0.79                     0.78                     1.44                      0.0
          40819.1315                  32  1554743743.8975816                  74                 0.0                 0.0                0.01                0.11                0.14             3810488                 0.0                0.03                0.11                 1.2             1638130                7.46                 2.1                2.12                3.24                 0.0
          40819.1315                  32  1554743743.8975816                  74                 0.0                 0.0                0.01                0.11                0.14             3810488                 0.0                0.03                0.11                1.73              668491                2.08                0.65                0.62                0.81                 0.0
               40819.1328                       32       1554744514.2137597                       74                      0.0                      0.0                     0.01                     0.11                     0.14                  3806208                      0.0                     0.03                     0.11                     0.67                  1502596                     2.99                     0.77                      0.8                     1.42                      0.0
          40819.1328                  32  1554744514.2137597                  74                 0.0                 0.0                0.01                0.11                0.14             3806208                 0.0                0.03                0.11                 1.2             1636616                7.42                2.09                2.13                3.19                 0.0
          40819.1328                  32  1554744514.2137597                  74                 0.0                 0.0                0.01                0.11                0.14             3806208                 0.0                0.03                0.11                1.73              666996                2.07                0.65                0.62                 0.8                 0.0
               40819.1341                       32       1554745279.5441604                       74                      0.0                      0.0                     0.01                     0.12                     0.15                  3809784                      0.0                     0.03                     0.11                     0.67                  1502974                      3.0                     0.79                     0.79                     1.42                      0.0
          40819.1341                  32  1554745279.5441604                  74                 0.0                 0.0                0.01                0.12                0.15             3809784                 0.0                0.03                0.11                 1.2             1638158                7.43                2.07                2.11                3.26                 0.0
          40819.1341                  32  1554745279.5441604                  74                 0.0                 0.0                0.01                0.12                0.15             3809784                 0.0                0.03                0.11                1.73              668652                2.08                0.65                0.64                0.79                 0.0
               40819.1354                       32       1554746048.9002519                       74                      0.0                      0.0                     0.01                     0.11                     0.15                  3801120                      0.0                     0.03                     0.11                     0.67                  1500520                     2.97                      0.8                     0.77                      1.4                      0.0
          40819.1354                  32  1554746048.9002519                  74                 0.0                 0.0                0.01                0.11                0.15             3801120                 0.0                0.03                0.11                 1.2             1634722                7.52                2.17                2.12                3.24                 0.0
          40819.1354                  32  1554746048.9002519                  74                 0.0                 0.0                0.01                0.11                0.15             3801120                 0.0                0.03                0.11                1.73              665878                2.04                0.63                0.62                0.79                 0.0
               40819.1406                       32       1554746819.3355618                       74                      0.0                      0.0                     0.01                     0.11                     0.14                  3807448                      0.0                     0.03                     0.11                     0.67                  1502559                     3.01                      0.8                      0.8                     1.41                      0.0
          40819.1406                  32  1554746819.3355618                  74                 0.0                 0.0                0.01                0.11                0.14             3807448                 0.0                0.03                0.11                 1.2             1637511                7.52                2.11                2.16                3.25                 0.0
          40819.1406                  32  1554746819.3355618                  74                 0.0                 0.0                0.01                0.11                0.14             3807448                 0.0                0.03                0.11                1.73              667378                2.05                0.63                0.62                 0.8                 0.0
               40819.1419                       32       1554747590.9502892                       74                      0.0                      0.0                     0.01                     0.11                     0.15                  3804128                      0.0                     0.03                     0.11                     0.67                  1501095                      3.0                     0.78                     0.79                     1.43                      0.0
          40819.1419                  32  1554747590.9502892                  74                 0.0                 0.0                0.01                0.11                0.15             3804128                 0.0                0.03                0.11                 1.2             1636002                7.51                2.14                2.14                3.22                 0.0
          40819.1419                  32  1554747590.9502892                  74                 0.0                 0.0                0.01                0.11                0.15             3804128                 0.0                0.03                0.11                1.73              667031                2.06                0.63                0.62                0.81                 0.0
               40819.1451                       32        1554749499.661766                       74                      0.0                      0.0                     0.01                     0.11                     0.15                  3810328                      0.0                     0.03                     0.11                     0.67                  1504115                     3.06                      0.8                     0.82                     1.44                      0.0
          40819.1451                  32   1554749499.661766                  74                 0.0                 0.0                0.01                0.11                0.15             3810328                 0.0                0.03                0.11                 1.2             1638679                7.44                2.13                2.08                3.23                 0.0
          40819.1451                  32   1554749499.661766                  74                 0.0                 0.0                0.01                0.11                0.15             3810328                 0.0                0.03                0.11                1.73              667534                2.05                0.64                0.61                 0.8                 0.0
               40819.1504                       32       1554750275.9160416                       74                      0.0                      0.0                     0.01                     0.12                     0.15                  3805832                      0.0                     0.03                     0.11                     0.67                  1501625                     3.02                     0.77                     0.81                     1.43                      0.0
          40819.1504                  32  1554750275.9160416                  74                 0.0                 0.0                0.01                0.12                0.15             3805832                 0.0                0.03                0.11                 1.2             1636261                7.43                2.13                2.13                3.17                 0.0
          40819.1504                  32  1554750275.9160416                  74                 0.0                 0.0                0.01                0.12                0.15             3805832                 0.0                0.03                0.11                1.73              667946                2.07                0.65                0.62                0.79                 0.0
               40819.1517                       32       1554751045.2474372                       74                      0.0                      0.0                     0.01                     0.11                     0.14                  3808032                      0.0                     0.03                     0.11                     0.67                  1503222                     3.01                     0.79                      0.8                     1.42                      0.0
          40819.1517                  32  1554751045.2474372                  74                 0.0                 0.0                0.01                0.11                0.14             3808032                 0.0                0.03                0.11                 1.2             1637490                7.41                2.09                 2.1                3.23                 0.0
          40819.1517                  32  1554751045.2474372                  74                 0.0                 0.0                0.01                0.11                0.14             3808032                 0.0                0.03                0.11                1.73              667320                2.06                0.63                0.62                 0.8                 0.0
                40819.153                       32       1554751811.9375358                       74                      0.0                      0.0                     0.01                     0.11                     0.14                  3805512                      0.0                     0.03                     0.11                     0.67                  1502871                      3.0                     0.78                     0.79                     1.43                      0.0
           40819.153                  32  1554751811.9375358                  74                 0.0                 0.0                0.01                0.11                0.14             3805512                 0.0                0.03                0.11                 1.2             1637035                7.34                2.06                2.06                3.22                 0.0
           40819.153                  32  1554751811.9375358                  74                 0.0                 0.0                0.01                0.11                0.14             3805512                 0.0                0.03                0.11                1.73              665606                2.05                0.63                0.63                0.79                 0.0
               40819.1542                       32       1554752572.1626558                       74                      0.0                      0.0                     0.01                     0.12                     0.14                  3803088                      0.0                     0.03                     0.11                     0.67                  1501790                     2.98                     0.78                     0.78                     1.41                      0.0
          40819.1542                  32  1554752572.1626558                  74                 0.0                 0.0                0.01                0.12                0.14             3803088                 0.0                0.03                0.11                 1.2             1635100                7.44                2.06                2.13                3.25                 0.0
          40819.1542                  32  1554752572.1626558                  74                 0.0                 0.0                0.01                0.12                0.14             3803088                 0.0                0.03                0.11                1.73              666198                2.06                0.64                0.63                0.79                 0.0
               40819.1555                       32       1554753338.5117388                       74                      0.0                      0.0                     0.01                     0.11                     0.14                  3811880                      0.0                     0.03                     0.11                     0.67                  1504353                     3.04                      0.8                     0.81                     1.43                      0.0
          40819.1555                  32  1554753338.5117388                  74                 0.0                 0.0                0.01                0.11                0.14             3811880                 0.0                0.03                0.11                 1.2             1638781                7.51                2.14                2.11                3.26                 0.0
          40819.1555                  32  1554753338.5117388                  74                 0.0                 0.0                0.01                0.11                0.14             3811880                 0.0                0.03                0.11                1.73              668746                2.08                0.64                0.64                 0.8                 0.0
               40819.1608                       32        1554754113.387237                       74                      0.0                      0.0                     0.01                     0.12                     0.16                  3807560                      0.0                     0.03                     0.12                     0.67                  1502839                     3.01                     0.81                     0.78                     1.41                      0.0
          40819.1608                  32   1554754113.387237                  74                 0.0                 0.0                0.01                0.12                0.16             3807560                 0.0                0.03                0.12                 1.2             1637638                7.46                2.14                 2.1                3.21                 0.0
          40819.1608                  32   1554754113.387237                  74                 0.0                 0.0                0.01                0.12                0.16             3807560                 0.0                0.03                0.12                1.73              667083                2.05                0.63                0.62                 0.8                 0.0
               40819.1621                       32       1554754883.1937902                       74                      0.0                      0.0                     0.01                     0.11                     0.14                  3807200                      0.0                     0.03                     0.11                     0.67                  1504001                      3.0                     0.78                     0.79                     1.44                      0.0
          40819.1621                  32  1554754883.1937902                  74                 0.0                 0.0                0.01                0.11                0.14             3807200                 0.0                0.03                0.11                 1.2             1637385                7.57                2.16                2.14                3.27                 0.0
          40819.1621                  32  1554754883.1937902                  74                 0.0                 0.0                0.01                0.11                0.14             3807200                 0.0                0.03                0.11                1.73              665814                2.11                0.66                0.63                0.82                 0.0
               40819.1634                       32       1554755661.7202194                       74                      0.0                      0.0                     0.01                     0.11                     0.14                  3803256                      0.0                     0.03                     0.11                     0.67                  1501479                      3.1                     0.81                     0.82                     1.48                      0.0
          40819.1634                  32  1554755661.7202194                  74                 0.0                 0.0                0.01                0.11                0.14             3803256                 0.0                0.03                0.11                 1.2             1635612                7.49                2.13                2.12                3.24                 0.0
          40819.1634                  32  1554755661.7202194                  74                 0.0                 0.0                0.01                0.11                0.14             3803256                 0.0                0.03                0.11                1.73              666165                2.08                0.65                0.62                 0.8                 0.0
               40819.1647                       32       1554756439.2526374                       74                      0.0                      0.0                     0.01                     0.11                     0.15                  3802368                      0.0                     0.03                     0.11                     0.67                  1500095                     3.05                      0.8                     0.81                     1.45                      0.0
          40819.1647                  32  1554756439.2526374                  74                 0.0                 0.0                0.01                0.11                0.15             3802368                 0.0                0.03                0.11                 1.2             1634933                7.55                2.12                2.11                3.32                 0.0
          40819.1647                  32  1554756439.2526374                  74                 0.0                 0.0                0.01                0.11                0.15             3802368                 0.0                0.03                0.11                1.73              667340                2.07                0.63                0.62                0.82                 0.0
                 40819.17                       32        1554757217.431986                       74                      0.0                      0.0                     0.01                     0.11                     0.15                  3810032                      0.0                     0.03                     0.11                     0.67                  1503520                     3.06                      0.8                     0.81                     1.45                      0.0
            40819.17                  32   1554757217.431986                  74                 0.0                 0.0                0.01                0.11                0.15             3810032                 0.0                0.03                0.11                 1.2             1638365                7.54                2.15                2.12                3.27                 0.0
            40819.17                  32   1554757217.431986                  74                 0.0                 0.0                0.01                0.11                0.15             3810032                 0.0                0.03                0.11                1.73              668147                2.07                0.64                0.62                0.82                 0.0
               40819.1713                       32       1554757995.7375915                       74                      0.0                      0.0                     0.01                     0.11                     0.14                  3808600                      0.0                     0.03                     0.11                     0.67                  1503226                     3.11                      0.8                     0.81                     1.49                      0.0
          40819.1713                  32  1554757995.7375915                  74                 0.0                 0.0                0.01                0.11                0.14             3808600                 0.0                0.03                0.11                 1.2             1637069                7.61                2.16                2.12                3.33                 0.0
          40819.1713                  32  1554757995.7375915                  74                 0.0                 0.0                0.01                0.11                0.14             3808600                 0.0                0.03                0.11                1.73              668305                 2.1                0.65                0.62                0.82                 0.0
               40819.1726                       32       1554758782.3806705                       74                      0.0                      0.0                     0.01                     0.11                     0.14                  3801464                      0.0                     0.03                     0.11                     0.67                  1499180                     3.05                     0.78                     0.83                     1.43                      0.0
          40819.1726                  32  1554758782.3806705                  74                 0.0                 0.0                0.01                0.11                0.14             3801464                 0.0                0.03                0.11                 1.2             1634368                7.53                 2.1                2.12                3.31                 0.0
          40819.1726                  32  1554758782.3806705                  74                 0.0                 0.0                0.01                0.11                0.14             3801464                 0.0                0.03                0.11                1.73              667916                 2.1                0.65                0.63                0.82                 0.0
               40819.1739                       32          1554759560.0978                       74                      0.0                      0.0                     0.01                     0.11                     0.14                  3802152                      0.0                     0.03                     0.11                     0.67                  1501128                     3.09                     0.81                      0.8                     1.48                      0.0
          40819.1739                  32     1554759560.0978                  74                 0.0                 0.0                0.01                0.11                0.14             3802152                 0.0                0.03                0.11                 1.2             1635271                7.61                2.17                2.11                3.33                 0.0
          40819.1739                  32     1554759560.0978                  74                 0.0                 0.0                0.01                0.11                0.14             3802152                 0.0                0.03                0.11                1.73              665753                2.07                0.63                0.62                0.81                 0.0
               40819.1752                       32       1554760343.1704023                       74                      0.0                      0.0                     0.01                     0.11                     0.14                  3805120                      0.0                     0.03                     0.11                     0.67                  1500557                     3.07                      0.8                     0.81                     1.46                      0.0
          40819.1752                  32  1554760343.1704023                  74                 0.0                 0.0                0.01                0.11                0.14             3805120                 0.0                0.03                0.11                 1.2             1636070                7.57                2.09                2.14                3.33                 0.0
          40819.1752                  32  1554760343.1704023                  74                 0.0                 0.0                0.01                0.11                0.14             3805120                 0.0                0.03                0.11                1.73              668493                2.07                0.64                0.61                0.82                 0.0
               40819.1805                       32       1554761122.6015134                       74                      0.0                      0.0                     0.01                     0.12                     0.14                  3802240                      0.0                     0.03                     0.11                     0.67                  1500380                     3.07                      0.8                     0.81                     1.46                      0.0
          40819.1805                  32  1554761122.6015134                  74                 0.0                 0.0                0.01                0.12                0.14             3802240                 0.0                0.03                0.11                 1.2             1635046                7.57                2.15                2.14                3.28                 0.0
          40819.1805                  32  1554761122.6015134                  74                 0.0                 0.0                0.01                0.12                0.14             3802240                 0.0                0.03                0.11                1.73              666814                2.13                0.66                0.64                0.83                 0.0
               40819.1818                       32       1554761906.2119853                       74                      0.0                      0.0                     0.01                     0.11                     0.14                  3802008                      0.0                     0.03                     0.11                     0.67                  1501338                     3.07                     0.82                     0.81                     1.44                      0.0
          40819.1818                  32  1554761906.2119853                  74                 0.0                 0.0                0.01                0.11                0.14             3802008                 0.0                0.03                0.11                 1.2             1635325                7.49                2.11                2.09                3.29                 0.0
          40819.1818                  32  1554761906.2119853                  74                 0.0                 0.0                0.01                0.11                0.14             3802008                 0.0                0.03                0.11                1.73              665345                 2.1                0.64                0.63                0.83                 0.0
               40819.1831                       32        1554762682.642967                       74                      0.0                      0.0                     0.01                     0.11                     0.14                  3805888                      0.0                     0.03                     0.11                     0.67                  1502023                     3.02                     0.78                      0.8                     1.44                      0.0
          40819.1831                  32   1554762682.642967                  74                 0.0                 0.0                0.01                0.11                0.14             3805888                 0.0                0.03                0.11                 1.2             1636108                7.58                2.16                2.15                3.26                 0.0
          40819.1831                  32   1554762682.642967                  74                 0.0                 0.0                0.01                0.11                0.14             3805888                 0.0                0.03                0.11                1.73              667757                2.13                0.68                0.63                0.81                 0.0
               40819.1844                       32       1554763463.2750227                       74                      0.0                      0.0                     0.01                     0.11                     0.14                  3808168                      0.0                     0.03                     0.11                     0.67                  1501625                     3.02                      0.8                     0.79                     1.44                      0.0
          40819.1844                  32  1554763463.2750227                  74                 0.0                 0.0                0.01                0.11                0.14             3808168                 0.0                0.03                0.11                 1.2             1637175                7.63                2.15                2.13                3.35                 0.0
          40819.1844                  32  1554763463.2750227                  74                 0.0                 0.0                0.01                0.11                0.14             3808168                 0.0                0.03                0.11                1.73              669368                2.07                0.64                0.61                0.82                 0.0
               40819.1857                       32        1554764243.981547                       74                      0.0                      0.0                     0.01                     0.11                     0.14                  3803456                      0.0                     0.03                     0.11                     0.67                  1501366                     3.06                     0.81                      0.8                     1.44                      0.0
          40819.1857                  32   1554764243.981547                  74                 0.0                 0.0                0.01                0.11                0.14             3803456                 0.0                0.03                0.11                 1.2             1634852                 7.5                2.13                2.13                3.25                 0.0
          40819.1857                  32   1554764243.981547                  74                 0.0                 0.0                0.01                0.11                0.14             3803456                 0.0                0.03                0.11                1.73              667238                2.11                0.65                0.66                 0.8                 0.0
                40819.191                       32       1554765020.7781994                       74                      0.0                      0.0                     0.01                     0.12                     0.14                  3805280                      0.0                     0.03                     0.11                     0.67                  1501811                     3.08                      0.8                     0.82                     1.46                      0.0
           40819.191                  32  1554765020.7781994                  74                 0.0                 0.0                0.01                0.12                0.14             3805280                 0.0                0.03                0.11                 1.2             1636304                7.63                2.17                2.16                3.31                 0.0
           40819.191                  32  1554765020.7781994                  74                 0.0                 0.0                0.01                0.12                0.14             3805280                 0.0                0.03                0.11                1.73              667165                2.08                0.63                0.64                0.81                 0.0
               40819.1923                       32       1554765805.7527041                       74                      0.0                      0.0                     0.01                     0.11                     0.15                  3811384                      0.0                     0.03                     0.11                     0.67                  1504215                     3.08                     0.81                     0.81                     1.47                      0.0
          40819.1923                  32  1554765805.7527041                  74                 0.0                 0.0                0.01                0.11                0.15             3811384                 0.0                0.03                0.11                 1.2             1639061                7.54                 2.1                2.11                3.33                 0.0
          40819.1923                  32  1554765805.7527041                  74                 0.0                 0.0                0.01                0.11                0.15             3811384                 0.0                0.03                0.11                1.73              668108                 2.1                0.64                0.62                0.84                 0.0
               40819.1936                       32       1554766586.1617887                       74                      0.0                      0.0                     0.01                     0.11                     0.14                  3803336                      0.0                     0.03                     0.11                     0.67                  1500387                     3.04                      0.8                      0.8                     1.44                      0.0
          40819.1936                  32  1554766586.1617887                  74                 0.0                 0.0                0.01                0.11                0.14             3803336                 0.0                0.03                0.11                 1.2             1635567                 7.5                2.12                2.13                3.24                 0.0
          40819.1936                  32  1554766586.1617887                  74                 0.0                 0.0                0.01                0.11                0.14             3803336                 0.0                0.03                0.11                1.73              667382                 2.1                0.65                0.64                0.81                 0.0
               40819.1949                       32        1554767361.115081                       74                      0.0                      0.0                     0.01                     0.13                     0.15                  3807320                      0.0                     0.03                     0.11                     0.67                  1501849                     3.09                     0.82                     0.81                     1.47                      0.0
          40819.1949                  32   1554767361.115081                  74                 0.0                 0.0                0.01                0.13                0.15             3807320                 0.0                0.03                0.11                 1.2             1636815                7.54                2.12                2.13                3.28                 0.0
          40819.1949                  32   1554767361.115081                  74                 0.0                 0.0                0.01                0.13                0.15             3807320                 0.0                0.03                0.11                1.73              668656                 2.1                0.66                0.62                0.83                 0.0
               40819.2002                       32       1554768144.1084526                       74                      0.0                      0.0                     0.01                     0.11                     0.14                  3805696                      0.0                     0.03                     0.11                     0.67                  1502324                     3.04                     0.79                     0.81                     1.44                      0.0
          40819.2002                  32  1554768144.1084526                  74                 0.0                 0.0                0.01                0.11                0.14             3805696                 0.0                0.03                0.11                 1.2             1636286                7.54                2.08                2.17                3.29                 0.0
          40819.2002                  32  1554768144.1084526                  74                 0.0                 0.0                0.01                0.11                0.14             3805696                 0.0                0.03                0.11                1.73              667086                2.08                0.64                0.64                 0.8                 0.0
               40819.2015                       32        1554768920.990444                       74                      0.0                      0.0                     0.01                     0.11                     0.15                  3802728                      0.0                     0.03                     0.12                     0.67                  1501183                     3.03                      0.8                      0.8                     1.43                      0.0
          40819.2015                  32   1554768920.990444                  74                 0.0                 0.0                0.01                0.11                0.15             3802728                 0.0                0.03                0.12                 1.2             1635384                7.55                2.12                2.14                3.29                 0.0
          40819.2015                  32   1554768920.990444                  74                 0.0                 0.0                0.01                0.11                0.15             3802728                 0.0                0.03                0.12                1.73              666161                2.07                0.64                0.62                 0.8                 0.0
               40819.2028                       32        1554769697.868725                       74                      0.0                      0.0                     0.01                     0.11                     0.16                  3813352                      0.0                     0.03                     0.12                     0.67                  1505195                     3.08                     0.81                      0.8                     1.47                      0.0
          40819.2028                  32   1554769697.868725                  74                 0.0                 0.0                0.01                0.11                0.16             3813352                 0.0                0.03                0.12                 1.2             1639739                7.54                 2.1                2.16                3.27                 0.0
          40819.2028                  32   1554769697.868725                  74                 0.0                 0.0                0.01                0.11                0.16             3813352                 0.0                0.03                0.12                1.73              668418                2.11                0.66                0.62                0.83                 0.0
               40819.2041                       32       1554770480.2795544                       74                      0.0                      0.0                     0.01                     0.11                     0.14                  3809912                      0.0                     0.03                     0.11                     0.67                  1504114                     3.09                     0.82                      0.8                     1.48                      0.0
          40819.2041                  32  1554770480.2795544                  74                 0.0                 0.0                0.01                0.11                0.14             3809912                 0.0                0.03                0.11                 1.2             1638065                7.54                2.14                2.11                3.28                 0.0
          40819.2041                  32  1554770480.2795544                  74                 0.0                 0.0                0.01                0.11                0.14             3809912                 0.0                0.03                0.11                1.73              667733                2.09                0.64                0.62                0.83                 0.0
               40819.2054                       32        1554771259.587077                       74                      0.0                      0.0                     0.01                     0.11                     0.14                  3808744                      0.0                     0.03                      0.1                     0.67                  1503269                     3.11                     0.83                     0.81                     1.47                      0.0
          40819.2054                  32   1554771259.587077                  74                 0.0                 0.0                0.01                0.11                0.14             3808744                 0.0                0.03                 0.1                 1.2             1638183                7.62                2.18                2.12                3.32                 0.0
          40819.2054                  32   1554771259.587077                  74                 0.0                 0.0                0.01                0.11                0.14             3808744                 0.0                0.03                 0.1                1.73              667292                2.09                0.65                0.62                0.82                 0.0
               40819.2107                       32        1554772045.272114                       74                      0.0                      0.0                     0.01                     0.11                     0.14                  3804072                      0.0                     0.03                     0.11                     0.67                  1501386                     3.04                      0.8                     0.82                     1.43                      0.0
          40819.2107                  32   1554772045.272114                  74                 0.0                 0.0                0.01                0.11                0.14             3804072                 0.0                0.03                0.11                 1.2             1635998                7.57                2.12                2.17                3.27                 0.0
          40819.2107                  32   1554772045.272114                  74                 0.0                 0.0                0.01                0.11                0.14             3804072                 0.0                0.03                0.11                1.73              666688                2.12                0.65                0.64                0.82                 0.0
               40919.1021                       32       1554819695.9162676                       74                      0.0                      0.0                     0.01                     0.11                     0.16                  3805344                      0.0                     0.04                     0.11                     0.67                  1502765                      3.0                     0.78                     0.79                     1.43                      0.0
          40919.1021                  32  1554819695.9162676                  74                 0.0                 0.0                0.01                0.11                0.16             3805344                 0.0                0.04                0.11                 1.2             1636634                 7.4                 2.1                2.11                3.19                 0.0
          40919.1021                  32  1554819695.9162676                  74                 0.0                 0.0                0.01                0.11                0.16             3805344                 0.0                0.04                0.11                1.73              665945                2.07                0.64                0.63                0.79                 0.0
               40919.1034                       32       1554820467.4550338                       74                      0.0                      0.0                     0.01                     0.11                     0.14                  3804896                      0.0                     0.03                     0.11                     0.67                  1501703                     3.02                     0.78                     0.82                     1.41                      0.0
          40919.1034                  32  1554820467.4550338                  74                 0.0                 0.0                0.01                0.11                0.14             3804896                 0.0                0.03                0.11                 1.2             1636369                7.42                 2.1                2.14                3.18                 0.0
          40919.1034                  32  1554820467.4550338                  74                 0.0                 0.0                0.01                0.11                0.14             3804896                 0.0                0.03                0.11                1.73              666824                2.08                0.65                0.62                 0.8                 0.0
               40919.1047                       32       1554821235.1681123                       74                      0.0                      0.0                     0.01                     0.11                     0.14                  3807400                      0.0                     0.03                     0.11                     0.67                  1502180                     3.01                     0.78                     0.79                     1.44                      0.0
          40919.1047                  32  1554821235.1681123                  74                 0.0                 0.0                0.01                0.11                0.14             3807400                 0.0                0.03                0.11                 1.2             1637557                 7.5                2.13                2.08                3.28                 0.0
          40919.1047                  32  1554821235.1681123                  74                 0.0                 0.0                0.01                0.11                0.14             3807400                 0.0                0.03                0.11                1.73              667663                2.06                0.65                0.62                 0.8                 0.0
                 40919.11                       32       1554822006.0112967                       74                      0.0                      0.0                     0.01                     0.11                     0.15                  3804664                      0.0                     0.03                     0.12                     0.67                  1500894                     3.01                     0.78                      0.8                     1.43                      0.0
            40919.11                  32  1554822006.0112967                  74                 0.0                 0.0                0.01                0.11                0.15             3804664                 0.0                0.03                0.12                 1.2             1635612                7.44                2.05                2.16                3.23                 0.0
            40919.11                  32  1554822006.0112967                  74                 0.0                 0.0                0.01                0.11                0.15             3804664                 0.0                0.03                0.12                1.73              668158                2.09                0.66                0.62                 0.8                 0.0
               40919.1112                       32       1554822776.2850058                       74                      0.0                      0.0                     0.01                     0.11                     0.15                  3804376                      0.0                     0.03                     0.11                     0.67                  1501663                     2.97                     0.77                     0.78                     1.42                      0.0
          40919.1112                  32  1554822776.2850058                  74                 0.0                 0.0                0.01                0.11                0.15             3804376                 0.0                0.03                0.11                 1.2             1635657                7.41                2.14                2.06                3.21                 0.0
          40919.1112                  32  1554822776.2850058                  74                 0.0                 0.0                0.01                0.11                0.15             3804376                 0.0                0.03                0.11                1.73              667056                2.06                0.64                0.61                0.81                 0.0
               40919.1125                       32       1554823540.1647897                       74                      0.0                      0.0                     0.01                     0.11                     0.14                  3808560                      0.0                     0.03                      0.1                     0.67                  1503396                     3.03                     0.79                     0.81                     1.42                      0.0
          40919.1125                  32  1554823540.1647897                  74                 0.0                 0.0                0.01                0.11                0.14             3808560                 0.0                0.03                 0.1                 1.2             1637521                7.45                2.15                2.07                3.23                 0.0
          40919.1125                  32  1554823540.1647897                  74                 0.0                 0.0                0.01                0.11                0.14             3808560                 0.0                0.03                 0.1                1.73              667643                2.04                0.64                0.61                0.79                 0.0
               40919.1138                       32       1554824308.0420165                       74                      0.0                      0.0                     0.01                     0.12                     0.15                  3798336                      0.0                     0.03                     0.11                     0.67                  1499143                     3.01                     0.79                     0.78                     1.45                      0.0
          40919.1138                  32  1554824308.0420165                  74                 0.0                 0.0                0.01                0.12                0.15             3798336                 0.0                0.03                0.11                 1.2             1633639                7.29                2.06                2.07                3.16                 0.0
          40919.1138                  32  1554824308.0420165                  74                 0.0                 0.0                0.01                0.12                0.15             3798336                 0.0                0.03                0.11                1.73              665554                2.05                0.63                0.62                 0.8                 0.0
               40919.1151                       32        1554825067.647889                       74                      0.0                      0.0                     0.01                     0.11                     0.14                  3807432                      0.0                     0.03                     0.11                     0.67                  1502486                     2.97                     0.78                     0.79                      1.4                      0.0
          40919.1151                  32   1554825067.647889                  74                 0.0                 0.0                0.01                0.11                0.14             3807432                 0.0                0.03                0.11                 1.2             1637035                7.53                2.13                2.13                3.28                 0.0
          40919.1151                  32   1554825067.647889                  74                 0.0                 0.0                0.01                0.11                0.14             3807432                 0.0                0.03                0.11                1.73              667911                2.06                0.63                0.61                0.81                 0.0
               40919.1203                       32       1554825838.1894498                       74                      0.0                      0.0                     0.01                     0.11                     0.14                  3796504                      0.0                     0.03                     0.11                     0.67                  1497920                     2.97                     0.78                     0.78                     1.41                      0.0
          40919.1203                  32  1554825838.1894498                  74                 0.0                 0.0                0.01                0.11                0.14             3796504                 0.0                0.03                0.11                 1.2             1632158                7.43                2.15                2.09                3.19                 0.0
          40919.1203                  32  1554825838.1894498                  74                 0.0                 0.0                0.01                0.11                0.14             3796504                 0.0                0.03                0.11                1.73              666426                2.06                0.65                0.62                0.79                 0.0
               40919.1216                       32       1554826602.7464488                       74                      0.0                      0.0                     0.01                     0.12                     0.15                  3813488                      0.0                     0.03                     0.12                     0.67                  1505107                     2.97                     0.77                     0.79                     1.41                      0.0
          40919.1216                  32  1554826602.7464488                  74                 0.0                 0.0                0.01                0.12                0.15             3813488                 0.0                0.03                0.12                 1.2             1640360                7.45                2.16                2.09                3.19                 0.0
          40919.1216                  32  1554826602.7464488                  74                 0.0                 0.0                0.01                0.12                0.15             3813488                 0.0                0.03                0.12                1.73              668021                2.08                0.66                0.61                 0.8                 0.0
               40919.1229                       32       1554827370.9151664                       74                      0.0                      0.0                     0.01                     0.13                     0.15                  3813728                      0.0                     0.03                     0.11                     0.67                  1504768                     3.04                     0.78                      0.8                     1.45                      0.0
          40919.1229                  32  1554827370.9151664                  74                 0.0                 0.0                0.01                0.13                0.15             3813728                 0.0                0.03                0.11                 1.2             1640988                7.49                 2.1                2.13                3.26                 0.0
          40919.1229                  32  1554827370.9151664                  74                 0.0                 0.0                0.01                0.13                0.15             3813728                 0.0                0.03                0.11                1.73              667972                2.06                0.64                0.62                 0.8                 0.0
               40919.1242                       32       1554828145.1644185                       74                      0.0                      0.0                     0.01                     0.11                     0.14                  3806984                      0.0                     0.03                     0.11                     0.67                  1502522                     3.05                     0.78                      0.8                     1.47                      0.0
          40919.1242                  32  1554828145.1644185                  74                 0.0                 0.0                0.01                0.11                0.14             3806984                 0.0                0.03                0.11                 1.2             1636854                7.57                2.13                2.17                3.27                 0.0
          40919.1242                  32  1554828145.1644185                  74                 0.0                 0.0                0.01                0.11                0.14             3806984                 0.0                0.03                0.11                1.73              667608                 2.1                0.66                0.62                0.82                 0.0
               40919.1255                       32       1554828925.6901867                       74                      0.0                      0.0                     0.01                     0.11                     0.14                  3806112                      0.0                     0.03                     0.11                     0.67                  1502481                     3.05                     0.82                     0.79                     1.45                      0.0
          40919.1255                  32  1554828925.6901867                  74                 0.0                 0.0                0.01                0.11                0.14             3806112                 0.0                0.03                0.11                 1.2             1636777                7.46                2.09                2.14                3.23                 0.0
          40919.1255                  32  1554828925.6901867                  74                 0.0                 0.0                0.01                0.11                0.14             3806112                 0.0                0.03                0.11                1.73              666854                 2.1                0.66                0.61                0.83                 0.0
               40919.1308                       32       1554829699.7981758                       74                      0.0                      0.0                     0.01                     0.11                     0.14                  3803400                      0.0                     0.03                     0.11                     0.67                  1501060                     3.11                     0.81                     0.84                     1.46                      0.0
          40919.1308                  32  1554829699.7981758                  74                 0.0                 0.0                0.01                0.11                0.14             3803400                 0.0                0.03                0.11                 1.2             1635558                7.52                2.12                2.14                3.26                 0.0
          40919.1308                  32  1554829699.7981758                  74                 0.0                 0.0                0.01                0.11                0.14             3803400                 0.0                0.03                0.11                1.73              666782                2.06                0.65                0.61                 0.8                 0.0
               40919.1321                       32       1554830478.3901234                       74                      0.0                      0.0                     0.01                     0.11                     0.15                  3804736                      0.0                     0.03                     0.11                     0.67                  1502243                     3.05                      0.8                     0.81                     1.45                      0.0
          40919.1321                  32  1554830478.3901234                  74                 0.0                 0.0                0.01                0.11                0.15             3804736                 0.0                0.03                0.11                 1.2             1636327                7.55                2.15                2.13                3.27                 0.0
          40919.1321                  32  1554830478.3901234                  74                 0.0                 0.0                0.01                0.11                0.15             3804736                 0.0                0.03                0.11                1.73              666166                2.07                0.64                0.61                0.81                 0.0
               40919.1334                       32       1554831256.0906694                       74                      0.0                      0.0                     0.01                     0.12                     0.15                  3808112                      0.0                     0.03                     0.11                     0.67                  1503233                     3.01                     0.78                     0.79                     1.44                      0.0
          40919.1334                  32  1554831256.0906694                  74                 0.0                 0.0                0.01                0.12                0.15             3808112                 0.0                0.03                0.11                 1.2             1637786                7.41                2.15                2.06                 3.2                 0.0
          40919.1334                  32  1554831256.0906694                  74                 0.0                 0.0                0.01                0.12                0.15             3808112                 0.0                0.03                0.11                1.73              667093                2.08                0.65                0.62                0.81                 0.0
               40919.1347                       32       1554832024.0678546                       74                      0.0                      0.0                     0.01                     0.11                     0.14                  3803496                      0.0                     0.03                     0.11                     0.67                  1500636                     3.04                      0.8                     0.79                     1.45                      0.0
          40919.1347                  32  1554832024.0678546                  74                 0.0                 0.0                0.01                0.11                0.14             3803496                 0.0                0.03                0.11                 1.2             1635777                7.56                2.11                2.11                3.34                 0.0
          40919.1347                  32  1554832024.0678546                  74                 0.0                 0.0                0.01                0.11                0.14             3803496                 0.0                0.03                0.11                1.73              667083                2.06                0.65                0.61                 0.8                 0.0
                 40919.14                       32       1554832801.3252041                       74                      0.0                      0.0                     0.01                     0.11                     0.14                  3804984                      0.0                     0.03                     0.11                     0.67                  1501283                     3.05                     0.81                      0.8                     1.45                      0.0
            40919.14                  32  1554832801.3252041                  74                 0.0                 0.0                0.01                0.11                0.14             3804984                 0.0                0.03                0.11                 1.2             1635214                 7.5                2.14                2.13                3.22                 0.0
            40919.14                  32  1554832801.3252041                  74                 0.0                 0.0                0.01                0.11                0.14             3804984                 0.0                0.03                0.11                1.73              668487                2.09                0.66                0.63                 0.8                 0.0
               40919.1412                       32       1554833576.4070585                       74                      0.0                      0.0                     0.01                     0.11                     0.15                  3806536                      0.0                     0.03                     0.11                     0.67                  1503007                     3.06                      0.8                     0.79                     1.46                      0.0
          40919.1412                  32  1554833576.4070585                  74                 0.0                 0.0                0.01                0.11                0.15             3806536                 0.0                0.03                0.11                 1.2             1636535                7.64                2.23                2.13                3.29                 0.0
          40919.1412                  32  1554833576.4070585                  74                 0.0                 0.0                0.01                0.11                0.15             3806536                 0.0                0.03                0.11                1.73              666994                2.07                0.64                0.62                0.82                 0.0
               40919.1426                       32        1554834360.478826                       74                      0.0                      0.0                     0.01                     0.11                     0.14                  3807056                      0.0                     0.03                     0.11                     0.67                  1501914                     3.07                      0.8                     0.82                     1.46                      0.0
          40919.1426                  32   1554834360.478826                  74                 0.0                 0.0                0.01                0.11                0.14             3807056                 0.0                0.03                0.11                 1.2             1637097                7.44                2.13                2.11                3.19                 0.0
          40919.1426                  32   1554834360.478826                  74                 0.0                 0.0                0.01                0.11                0.14             3807056                 0.0                0.03                0.11                1.73              668045                 2.1                0.65                0.62                0.82                 0.0
               40919.1438                       32       1554835134.2339363                       74                      0.0                      0.0                     0.01                     0.11                     0.15                  3807328                      0.0                     0.03                     0.11                     0.67                  1502986                     3.01                     0.78                     0.81                     1.42                      0.0
          40919.1438                  32  1554835134.2339363                  74                 0.0                 0.0                0.01                0.11                0.15             3807328                 0.0                0.03                0.11                 1.2             1637200                7.38                2.11                2.06                3.22                 0.0
          40919.1438                  32  1554835134.2339363                  74                 0.0                 0.0                0.01                0.11                0.15             3807328                 0.0                0.03                0.11                1.73              667142                2.05                0.64                0.61                 0.8                 0.0
               40919.1451                       32       1554835898.2775512                       74                      0.0                      0.0                     0.01                     0.12                     0.15                  3807104                      0.0                     0.03                     0.11                     0.67                  1502362                     3.04                      0.8                      0.8                     1.44                      0.0
          40919.1451                  32  1554835898.2775512                  74                 0.0                 0.0                0.01                0.12                0.15             3807104                 0.0                0.03                0.11                 1.2             1636919                7.51                2.19                2.13                 3.2                 0.0
          40919.1451                  32  1554835898.2775512                  74                 0.0                 0.0                0.01                0.12                0.15             3807104                 0.0                0.03                0.11                1.73              667823                2.06                0.64                0.62                 0.8                 0.0
               40919.1504                       32       1554836673.3456926                       74                      0.0                      0.0                     0.01                     0.11                     0.14                  3799512                      0.0                     0.03                     0.11                     0.67                  1498610                     2.99                     0.77                     0.79                     1.43                      0.0
          40919.1504                  32  1554836673.3456926                  74                 0.0                 0.0                0.01                0.11                0.14             3799512                 0.0                0.03                0.11                 1.2             1633883                7.45                 2.1                2.15                 3.2                 0.0
          40919.1504                  32  1554836673.3456926                  74                 0.0                 0.0                0.01                0.11                0.14             3799512                 0.0                0.03                0.11                1.73              667019                2.09                0.63                0.63                0.82                 0.0
               40919.1517                       32        1554837442.095107                       74                      0.0                      0.0                     0.01                     0.11                     0.15                  3806248                      0.0                     0.03                     0.11                     0.67                  1501658                      3.0                     0.78                     0.79                     1.44                      0.0
          40919.1517                  32   1554837442.095107                  74                 0.0                 0.0                0.01                0.11                0.15             3806248                 0.0                0.03                0.11                 1.2             1636951                7.41                 2.1                2.07                3.23                 0.0
          40919.1517                  32   1554837442.095107                  74                 0.0                 0.0                0.01                0.11                0.15             3806248                 0.0                0.03                0.11                1.73              667639                2.09                0.64                0.65                 0.8                 0.0
                40919.153                       32       1554838209.7445729                       74                      0.0                      0.0                     0.01                     0.11                     0.14                  3802000                      0.0                     0.03                     0.11                     0.67                  1500760                     3.02                      0.8                     0.79                     1.43                      0.0
           40919.153                  32  1554838209.7445729                  74                 0.0                 0.0                0.01                0.11                0.14             3802000                 0.0                0.03                0.11                 1.2             1634996                7.39                 2.1                2.09                3.19                 0.0
           40919.153                  32  1554838209.7445729                  74                 0.0                 0.0                0.01                0.11                0.14             3802000                 0.0                0.03                0.11                1.73              666244                2.05                0.66                 0.6                0.79                 0.0
               40919.1542                       32        1554838974.082974                       74                      0.0                      0.0                     0.01                     0.13                     0.15                  3809448                      0.0                     0.04                     0.11                     0.67                  1502459                     3.04                     0.81                     0.81                     1.43                      0.0
          40919.1542                  32   1554838974.082974                  74                 0.0                 0.0                0.01                0.13                0.15             3809448                 0.0                0.04                0.11                 1.2             1637894                7.47                2.14                2.11                3.22                 0.0
          40919.1542                  32   1554838974.082974                  74                 0.0                 0.0                0.01                0.13                0.15             3809448                 0.0                0.04                0.11                1.73              669095                 2.1                0.65                0.63                0.82                 0.0
               40919.1555                       32       1554839750.1754737                       74                      0.0                      0.0                     0.01                     0.11                     0.14                  3808352                      0.0                     0.03                     0.11                     0.67                  1502589                     3.05                     0.78                     0.82                     1.45                      0.0
          40919.1555                  32  1554839750.1754737                  74                 0.0                 0.0                0.01                0.11                0.14             3808352                 0.0                0.03                0.11                 1.2             1637445                7.54                2.13                2.13                3.28                 0.0
          40919.1555                  32  1554839750.1754737                  74                 0.0                 0.0                0.01                0.11                0.14             3808352                 0.0                0.03                0.11                1.73              668318                2.13                0.66                0.65                0.82                 0.0
               40919.1608                       32       1554840530.5815763                       74                      0.0                      0.0                     0.01                     0.12                     0.15                  3809400                      0.0                     0.03                     0.11                     0.67                  1503907                     3.05                     0.79                     0.79                     1.46                      0.0
          40919.1608                  32  1554840530.5815763                  74                 0.0                 0.0                0.01                0.12                0.15             3809400                 0.0                0.03                0.11                 1.2             1637758                 7.6                2.16                2.18                3.26                 0.0
          40919.1608                  32  1554840530.5815763                  74                 0.0                 0.0                0.01                0.12                0.15             3809400                 0.0                0.03                0.11                1.73              667735                2.08                0.65                0.61                0.82                 0.0
               40919.1621                       32       1554841312.4453304                       74                      0.0                      0.0                     0.01                     0.11                     0.15                  3805040                      0.0                     0.03                     0.12                     0.67                  1501604                     3.11                     0.82                      0.8                     1.49                      0.0
          40919.1621                  32  1554841312.4453304                  74                 0.0                 0.0                0.01                0.11                0.15             3805040                 0.0                0.03                0.12                 1.2             1635875                7.57                 2.1                2.13                3.34                 0.0
          40919.1621                  32  1554841312.4453304                  74                 0.0                 0.0                0.01                0.11                0.15             3805040                 0.0                0.03                0.12                1.73              667561                2.07                0.64                0.62                0.81                 0.0
               40919.1634                       32       1554842094.9257696                       74                      0.0                      0.0                     0.01                     0.12                     0.16                  3809016                      0.0                     0.03                     0.12                     0.67                  1504265                     3.06                     0.81                     0.82                     1.43                      0.0
          40919.1634                  32  1554842094.9257696                  74                 0.0                 0.0                0.01                0.12                0.16             3809016                 0.0                0.03                0.12                 1.2             1638078                7.59                2.12                2.19                3.28                 0.0
          40919.1634                  32  1554842094.9257696                  74                 0.0                 0.0                0.01                0.12                0.16             3809016                 0.0                0.03                0.12                1.73              666673                 2.1                0.66                0.62                0.81                 0.0
