# Columns labeled with floats contain bin centers (theta in degrees), others are extra info.
# 
                  1.05035                   1.15611                   1.27252                   1.40066                    1.5417                   1.69694                   1.86781                   2.05589                    2.2629                   2.49077                   2.74157                   3.01763                   3.32149                   3.65594                   4.02408                   4.42928                   4.87528                   5.36619                   5.90654                   6.50129                   7.15593                   7.87649                   8.66961                   9.54259                      zbin                      mock
    1.743384015915815e-02     1.385524206537643e-02     1.165523657502308e-02     1.015039985350492e-02     7.956101948599286e-03     6.365571866106253e-03     5.126383066250616e-03     4.526043717420728e-03     3.952875219842624e-03     3.598594788474603e-03     2.321432466282147e-03     1.085134800658255e-03     1.558569831974015e-03     9.493010558642832e-04     5.576804113414453e-04     2.851189329479301e-04    -5.269296037149322e-04    -6.263732244032863e-04    -7.958910307911057e-04    -1.270952220353134e-03    -9.727581932784056e-04    -1.263314960729601e-03    -7.446849920234639e-04    -8.664418402760776e-04     5.600000000000001e-01     4.051916480000000e+04
    6.087106293535215e-03     4.480826085167281e-03     3.301700336708852e-03     2.614570039844616e-03     1.706636632866094e-03     1.458969533111963e-03     1.286938562260386e-03     5.442203768142828e-04     4.713934545325344e-04     4.424142223637325e-04     6.817230045013990e-04     3.911275437856816e-04    -9.103867096955140e-05    -2.260186974127651e-05    -4.676233425733336e-04    -2.747160872500815e-04    -3.296528471016836e-04    -2.079075272692617e-04    -1.756801105928456e-04    -4.475037951773857e-04    -5.493448327880159e-04    -3.301030284301021e-04     7.329633394032385e-05     2.219440590388417e-04     8.800000000000000e-01     4.051916480000000e+04
    5.249801963795612e-03     4.663904669430798e-03     3.602450985893348e-03     2.822841166029267e-03     2.231286536398337e-03     1.294260573430803e-03     1.193581138633617e-03     1.389110375075935e-03     1.200576263177972e-03     8.319742075423955e-04     3.584981051621695e-04    -4.667073892859330e-04    -1.183755574851339e-03    -8.735803573332900e-04    -6.338719427387268e-04    -4.413974871574708e-04    -7.251908420844248e-04    -9.619736101977568e-04    -7.793640428087735e-04    -7.677908647010217e-04    -8.472148855444270e-04    -1.001018844794284e-03    -1.792322164982056e-04     2.947023200525543e-04     1.200000000000000e+00     4.051916480000000e+04
    1.794173113222373e-03     1.556671035584115e-03     1.786546430970728e-03     1.674456667680533e-03     1.811835380900180e-03     1.232133080267801e-03     1.139348724690258e-03     1.205221022169243e-03     7.355696801278016e-04     4.709508730652486e-04    -1.262080068795834e-04    -3.293170348247660e-04    -2.083023372234527e-04    -2.900941522399914e-04    -2.797471932668935e-04    -2.547491757362957e-04    -2.557570323114915e-04    -2.715937944187938e-04    -3.143582160053296e-06     5.673712427315867e-05    -9.111028271903078e-05    -3.305071264790172e-04    -5.490110003874237e-04    -4.702439726623789e-04     1.520000000000000e+00     4.051916480000000e+04
    1.146047089324588e-03     1.225469493252534e-03     1.898985168487437e-03     1.323792127185569e-03     2.997384292966480e-04     6.516248105519457e-04    -1.076071816513965e-03    -3.316133955541359e-03    -4.859719702925931e-03    -5.798423216764127e-03    -3.526417550426962e-03    -2.156049956511532e-03     5.130049643419634e-04    -1.979363006555039e-05    -2.772492753796687e-03    -3.373741784006619e-03    -3.804203815830349e-03     2.282440998314692e-04     3.305077854878384e-03     1.331146195943884e-03    -4.706653741792201e-04    -1.009656427063972e-04    -8.756996092124592e-05    -2.527586104090107e-03     1.840000000000000e+00     4.051916480000000e+04
    1.731750027863707e-02     1.459543644265736e-02     1.225475601642672e-02     1.057500174481615e-02     8.340938634028213e-03     7.389215495369156e-03     5.669785802298557e-03     5.070107983857617e-03     4.338148333105731e-03     4.003132202452771e-03     2.516709128808142e-03     1.480245890740094e-03     1.336353508856168e-03     5.517404916268681e-04     8.898781776315752e-04     6.253357834558979e-04    -8.072018733359787e-05    -6.396776211846325e-04    -8.607047281365148e-04    -1.472430445245276e-03    -1.274929641640029e-03    -1.128046333474995e-03    -6.589805161077471e-04    -8.693577736889768e-04     5.600000000000001e-01     4.051916510000000e+04
    6.543816583616083e-03     5.182933054292304e-03     3.925851796004755e-03     2.623861263386565e-03     1.632183915249959e-03     9.578614637465742e-04     8.536463292903842e-04     1.696676375444938e-04     2.810137873907386e-04     3.761254966446036e-04     5.001888870781265e-04     9.571168173198170e-05    -6.188551796504617e-05     2.044616517212029e-04    -1.691975149565621e-04    -3.420419116874804e-04    -2.175827614555277e-04    -1.961608022438579e-04    -2.646895844862381e-05    -3.841237133283829e-04    -5.352491874784308e-04    -1.797985281269036e-04     5.174609659205785e-05     4.161976329340944e-05     8.800000000000000e-01     4.051916510000000e+04
    5.719175724422224e-03     4.567336284429131e-03     3.569829307300730e-03     2.796113696987831e-03     1.906576950033934e-03     1.376088186097814e-03     9.146232583334043e-04     1.019587042295537e-03     8.699084605063757e-04     6.454265889034324e-04     1.133395128386178e-04    -6.931627407277372e-04    -1.234188609778650e-03    -1.106734381414871e-03    -5.905477916451646e-04    -4.478679256454018e-04    -6.380692277160989e-04    -7.831727510194990e-04    -3.658281336523316e-04    -5.795006240888557e-04    -8.588835144536703e-04    -1.010153841334736e-03    -2.134578817269578e-04     2.814505498855000e-04     1.200000000000000e+00     4.051916510000000e+04
    1.285625571126967e-03     1.088578371774094e-03     1.746261049027809e-03     1.351590702014183e-03     1.575733586720779e-03     1.017883602767775e-03     1.199515068013381e-03     8.863764395567954e-04     5.355714886614482e-04     6.357858122036125e-04     1.158179084516160e-04    -2.695691854263612e-04    -1.322815833603625e-04    -2.113719424648144e-04    -5.475417633834236e-04    -3.415216835980164e-04    -2.160868965564793e-04     6.484854448022592e-05     1.348390870036649e-04    -1.923660843079972e-04    -3.199637886795409e-04    -4.790175952996940e-05    -4.030970696424407e-04    -3.294298868138510e-04     1.520000000000000e+00     4.051916510000000e+04
    1.782451575023351e-04     3.446481376084088e-03     3.841857380368364e-03     3.486959487297932e-03     1.609251999519351e-03     5.304232843154057e-04    -1.918548777005000e-03    -3.302670819668148e-03    -4.753638990379277e-03    -5.692194838706373e-03    -4.904562484669545e-03    -2.601706985351550e-03     1.941574045822379e-04     4.392694564823478e-04    -2.058081397271883e-03    -3.955721208102625e-03    -3.781728707468530e-03     1.069871414081800e-03     3.092554663929083e-03     9.743409732936766e-04    -4.209940410290806e-04    -5.589584958466799e-04    -5.005986007844452e-04    -1.340627826690979e-03     1.840000000000000e+00     4.051916510000000e+04
    1.734792948919804e-02     1.419311661737901e-02     1.161647338934891e-02     1.068209467776085e-02     7.935005700606347e-03     6.312240357063801e-03     5.175541424617086e-03     4.366082222798722e-03     3.921185415594380e-03     2.774132793348380e-03     1.773137554199031e-03     8.415615940526696e-04     1.462525132028108e-03     7.634062372324705e-04     6.430891367159091e-04     4.121098835814033e-04    -3.920904066988946e-04    -6.410233486798118e-04    -8.410209751856254e-04    -1.096960978020815e-03    -1.027549238145634e-03    -9.383122643387848e-04    -6.123115480769416e-04    -5.712758342654027e-04     5.600000000000001e-01     4.051916540000000e+04
    6.598160467347858e-03     5.204200143118384e-03     3.724284558962402e-03     2.601566621228490e-03     1.725495776931316e-03     9.386924768186023e-04     9.102630147792520e-04     3.100668189463285e-04     3.273004243975970e-04     7.007341464043900e-04     7.949414044090441e-04     7.082063231209883e-04     3.884411437262300e-04     3.879893512904839e-04    -2.808135620062114e-04    -4.042189060062739e-04    -3.225772744350232e-04    -2.568787322062933e-04    -2.862799097038343e-04    -3.296238267128006e-04    -4.925547499375030e-04    -1.920488593290555e-04     1.466190746897882e-04     2.541938171183692e-04     8.800000000000000e-01     4.051916540000000e+04
    4.565622558595039e-03     3.930275434786594e-03     3.141702071070312e-03     2.981287472249445e-03     2.233033380573540e-03     1.308113155742856e-03     1.236620175118100e-03     1.287494224870292e-03     9.284029107477108e-04     4.141302038826279e-04     2.222793482881248e-04    -6.705205359858727e-04    -1.278708222351306e-03    -1.153435000829217e-03    -7.102697596700363e-04    -5.832706301288231e-04    -6.515400563455997e-04    -9.158980281196895e-04    -5.563698693598401e-04    -7.556978893887102e-04    -7.385120012415771e-04    -6.272349490581746e-04    -1.456363196819948e-04     2.543957130801963e-04     1.200000000000000e+00     4.051916540000000e+04
    1.411467641237504e-03     1.166973849311495e-03     1.459829307796082e-03     1.378052340714698e-03     1.595322461461494e-03     1.386067098342600e-03     1.528271248547379e-03     1.098716187482437e-03     6.650273395688624e-04     3.216525706599447e-04     6.718543992664201e-05    -3.913045800148680e-04    -2.497210480013566e-04    -3.104667933100304e-04    -4.486605316461256e-04    -6.045677609740192e-04    -5.666296929148282e-04    -1.071410218360640e-04    -7.717757967327482e-06    -1.755900652753530e-04     1.141362063953753e-06    -2.233012873597901e-04    -5.284564528887928e-04    -3.336129717496048e-04     1.520000000000000e+00     4.051916540000000e+04
    1.223097409415927e-03     2.293389348553620e-03     3.732301322104886e-03     3.427349738545336e-03     1.895054573832070e-03     4.069594436803198e-03     1.965759123495611e-03    -2.380314902903820e-03    -5.059961438273894e-03    -7.117980774250627e-03    -4.082550562934392e-03    -3.443987118265360e-03    -9.436249946030350e-04     4.539277878598024e-04    -2.333949875749768e-03    -4.313513742066604e-03    -2.327730990725117e-03     9.907998262642834e-04     2.827141194486763e-03     1.127779376303666e-03    -3.580717628988183e-04     6.524058028608556e-04    -5.206825256412659e-04    -2.617164360487509e-03     1.840000000000000e+00     4.051916540000000e+04
    1.688072916249602e-02     1.433532675632317e-02     1.165011821623379e-02     1.059469672521442e-02     8.736617763929750e-03     7.183538457987609e-03     5.526588857748185e-03     4.562088573235733e-03     4.010925489824291e-03     3.563126582235183e-03     2.175350331234514e-03     1.040250937364213e-03     1.265492765951079e-03     7.194136595809071e-04     4.056139242262925e-04     1.016167907180425e-04    -2.651351615308150e-04    -8.547208597005703e-04    -1.132391175113388e-03    -1.590734190983709e-03    -1.158196115894499e-03    -1.061161527379049e-03    -7.247052598729391e-04    -8.284119126647880e-04     5.600000000000001e-01     4.051916580000000e+04
    6.028630467630299e-03     4.891396721349583e-03     3.800383336793865e-03     2.784936352805397e-03     1.567361602880836e-03     1.272431992711109e-03     9.764090587773170e-04     2.976746632049245e-04     3.561972172897300e-04     3.515178595426782e-04     4.145554816949230e-04     3.004332542762032e-04    -1.733238534017255e-04    -3.369821920240644e-04    -6.475098144889693e-04    -5.916026291108394e-04    -2.614559270397934e-04    -2.669131983273199e-04    -2.873260185064869e-04    -3.308558418455414e-04    -5.493801394957356e-04    -3.368068076219111e-04     2.374519129520641e-05     1.476419278879810e-04     8.800000000000000e-01     4.051916580000000e+04
    5.452780325160277e-03     4.382128227967011e-03     3.094478701324571e-03     2.569033463885008e-03     1.897184712558388e-03     1.409739660306198e-03     1.290465279272916e-03     1.106619856541176e-03     7.845710869955227e-04     6.085314794332583e-04    -1.039270440052760e-05    -6.676904320801970e-04    -1.269695935283998e-03    -7.148222512512670e-04    -5.713774131144382e-04    -4.926106578203869e-04    -5.413673712203326e-04    -9.165614143455008e-04    -4.936707958886897e-04    -7.924319589422136e-04    -8.617471165932180e-04    -9.550698910431750e-04    -1.862166853408364e-04     3.695248555516706e-04     1.200000000000000e+00     4.051916580000000e+04
    1.031536762195555e-03     8.827773893242948e-04     1.284705067106620e-03     1.266517156150662e-03     1.725691112794259e-03     1.408236459939993e-03     1.279876773097285e-03     9.313958999496505e-04     5.515242559679827e-04     1.403854621357122e-04    -2.056968079682017e-04    -2.388670864724914e-04     1.171720309690801e-04     1.803726882139434e-04    -3.017436781817679e-04    -3.982586339083569e-04    -5.113749463277224e-04    -1.985625969309284e-04    -6.861761868340617e-05    -6.342452357807260e-05    -1.295895573537338e-04    -9.180157641521322e-05    -4.029448579940782e-04    -3.361413324240358e-04     1.520000000000000e+00     4.051916580000000e+04
    6.853401749308981e-04     1.631736138243226e-03     3.705976515292392e-03     3.497545665660312e-03     1.010939004347254e-03    -1.110140919180381e-03     1.496725432319842e-04    -1.857789003425687e-03    -4.850229841460214e-03    -6.362644176869201e-03    -3.634526260840848e-03    -6.548123561324282e-04     6.335900816466571e-04     1.375001919625704e-03    -2.242602512539426e-03    -3.994018474338780e-03    -4.686835914597883e-03     3.658590262975322e-04     3.991415806266435e-03     2.009252829583882e-03     6.396197495411173e-05    -4.360850062264468e-04    -5.633601020985610e-04    -2.535389584090816e-03     1.840000000000000e+00     4.051916580000000e+04
    1.642995724309308e-02     1.355813394895428e-02     1.181847912858076e-02     9.368329227821666e-03     8.354571760266969e-03     7.008684742057978e-03     6.016806921488703e-03     4.596217094060171e-03     3.954908669294238e-03     3.533982121195172e-03     2.114407703817096e-03     9.918135366197187e-04     1.273383035508621e-03     1.087902430061016e-03     7.418503193419461e-04     6.275833926382419e-05    -4.954732968779408e-04    -6.123421055649514e-04    -1.009433127247894e-03    -1.052605146277096e-03    -8.460625480039969e-04    -9.594722658853036e-04    -6.074789406468262e-04    -7.840255601583769e-04     5.600000000000001e-01     4.051917010000000e+04
    6.260305189309106e-03     4.390540782296938e-03     3.409861299474452e-03     2.210801304632954e-03     1.557717176115688e-03     8.605897292614625e-04     7.757443677483220e-04     1.667074215745647e-04     3.669632343022822e-04     5.792526158469788e-04     7.168674564509179e-04     4.181523582392865e-04     2.624268753729258e-04     1.603148602719681e-04    -4.539312284878077e-04    -5.085181113133499e-04    -3.858915384482244e-04    -1.548628776335411e-04    -2.111343606141415e-04    -3.469270037273755e-04    -6.312957580019022e-04    -2.617693066786094e-04     5.801225481073421e-06     7.287465132416522e-05     8.800000000000000e-01     4.051917010000000e+04
    5.188868278225207e-03     3.856698828524854e-03     2.858214754510753e-03     2.316122960195667e-03     2.188588069391961e-03     1.448203200223635e-03     8.094997024762502e-04     1.190965714598012e-03     1.025001962324949e-03     8.793620510008500e-04     2.336112636701962e-04    -5.001827268564181e-04    -1.084460575703551e-03    -1.042892407243269e-03    -7.193002472734659e-04    -5.358968987623416e-04    -8.095116362596018e-04    -8.071611765160882e-04    -4.297961945565422e-04    -5.281302423506660e-04    -7.354977488664637e-04    -8.183633382262289e-04    -2.691131256854856e-04     2.884668167472814e-04     1.200000000000000e+00     4.051917010000000e+04
    1.573169986139191e-03     1.216713586471852e-03     1.245281441214420e-03     1.679610334025164e-03     1.284978939350176e-03     8.212204376920785e-04     1.031150348689473e-03     1.312604917814629e-03     8.847758510135106e-04     5.115878808120519e-04     1.799049396374041e-04    -2.581691023686005e-04    -4.674221845776705e-05    -6.548166544623846e-05    -3.520317393567732e-04    -4.455271066381147e-04    -3.334704062019542e-04     4.607660170276926e-05    -8.235753597435827e-07     1.135699212818850e-04    -1.499877140256915e-04    -2.927714227864106e-04    -2.066072835066098e-04    -3.644919665584719e-04     1.520000000000000e+00     4.051917010000000e+04
    2.971918081996696e-04     3.871137031412317e-05     1.491357188087954e-03     3.287222380056496e-03     1.782277594172642e-03    -4.798999558480613e-04    -5.396565912290933e-04    -2.002549822364338e-03    -5.413381616201219e-03    -5.611521577849487e-03    -5.074520708902386e-03    -2.501370453274633e-03    -6.706136607803181e-05     5.074926247850566e-05    -8.791247888040982e-04    -2.346250901944377e-03    -3.628541090287049e-03    -8.339856402897907e-05     2.937791181692094e-03     2.060949062364996e-03    -1.120703605205827e-03    -3.333861727987894e-04    -5.539696342676480e-04    -2.937017590801164e-03     1.840000000000000e+00     4.051917010000000e+04
    1.711592932029037e-02     1.389749776175200e-02     1.155842065912920e-02     9.915819347385538e-03     7.777820029797762e-03     6.760876955704982e-03     5.223281980967069e-03     4.106589605379476e-03     4.108742230865178e-03     3.462031150924970e-03     2.128916935831465e-03     1.469849249989952e-03     1.998813654568084e-03     1.377471394093008e-03     1.215616473786622e-03     4.976965815384487e-04    -4.231367944044881e-04    -4.087537135786014e-04    -8.198231551893727e-04    -1.404875483035634e-03    -1.150449487178137e-03    -1.149247064375977e-03    -9.163507481365492e-04    -1.078014455380771e-03     5.600000000000001e-01     4.051917040000000e+04
    6.374463026027693e-03     5.006164262090028e-03     3.324058587628234e-03     2.061863329008775e-03     9.476470199584240e-04     7.279155865298106e-04     8.716080498186532e-04     4.337104343751079e-04     3.734703684868958e-04     3.513360420823823e-04     4.666056811753578e-04     1.236697098513783e-04     2.880432495489723e-04     2.476445926278774e-04    -9.934951032263146e-05    -4.117731632345421e-04    -3.272702811351125e-04    -2.544906873598488e-04    -3.183340801363234e-04    -4.848598625985993e-04    -6.804130558224530e-04    -3.423386888051144e-04     4.089455684218711e-05     1.305523590909279e-05     8.800000000000000e-01     4.051917040000000e+04
    5.553998118152443e-03     4.017987535957388e-03     3.459367343293428e-03     2.644619406546120e-03     2.335167884049970e-03     1.797560797935701e-03     1.588540976303745e-03     1.145155774019767e-03     1.041052956363326e-03     7.801548620499450e-04     3.228372916864786e-04    -5.399229335978081e-04    -1.268561810188736e-03    -1.015148230348134e-03    -8.471199158955557e-04    -5.364090379748517e-04    -7.877542421111961e-04    -1.008972837253616e-03    -5.871643950584795e-04    -6.558764371429786e-04    -7.038355210112910e-04    -7.167218281746639e-04    -2.602681308718538e-04     1.968120958802078e-04     1.200000000000000e+00     4.051917040000000e+04
    1.508341048770354e-03     1.179788083634485e-03     1.649974217348649e-03     1.422579026226848e-03     1.371280035773832e-03     1.148524399941086e-03     1.257303398159117e-03     1.104422967666794e-03     5.495677347746683e-04     4.262581794148556e-04    -1.273825660922184e-04    -3.626929741328951e-04    -1.468595465592683e-04    -3.704823070268681e-05    -1.738270078515785e-04    -3.982119500792347e-04    -4.502462519128340e-04    -1.875048963766218e-04     8.423735919656995e-05    -9.077075600449399e-05    -2.209583686745982e-04    -2.227959585357196e-04    -3.655434334430534e-04    -2.832241546112467e-04     1.520000000000000e+00     4.051917040000000e+04
    2.638432149445819e-03     3.468861234142723e-03     3.174795690060937e-03     2.538171627969843e-03     1.177078860904418e-03    -9.801895086149794e-04    -2.363838773243381e-03    -4.657061854726707e-03    -6.064256040674843e-03    -5.574239998711722e-03    -2.480567067912078e-03    -1.504978211390850e-03    -4.746875276805304e-04    -7.422452955470541e-04    -1.763263575725414e-03    -2.327408967217208e-03    -3.567848012067903e-03     6.509956865111739e-04     4.776085758844592e-03     1.770788163025348e-03    -8.385455065287107e-04    -7.974412102252922e-04    -1.116617637970075e-03    -3.335759975446892e-03     1.840000000000000e+00     4.051917040000000e+04
    1.794985934293640e-02     1.559677753721700e-02     1.316205260948754e-02     1.063467115762848e-02     9.056919934171601e-03     7.358594773324129e-03     5.511823794630122e-03     4.653889269591788e-03     3.967439110036257e-03     2.925985170854691e-03     1.978312267425023e-03     1.241765833692525e-03     9.988037811426984e-04     3.465506036677060e-04     1.340811788695073e-04     3.545634578186551e-04    -1.101271575782234e-04    -4.112308261416195e-04    -6.693893643938534e-04    -1.470887876164255e-03    -1.406660057173827e-03    -1.290270371513241e-03    -5.707529395034502e-04    -8.056112444163653e-04     5.600000000000001e-01     4.051917070000000e+04
    7.136006600488144e-03     5.452359190689855e-03     3.732076098087357e-03     2.955251776875778e-03     1.884913514351524e-03     1.290936721703302e-03     1.241290300265695e-03     4.562458308017769e-04     3.584548333690197e-04     4.941894546161006e-04     7.590241296915613e-04     5.076500295884133e-04     1.452692344274870e-05     1.867287225745953e-05    -3.070867697558939e-04    -5.523520422496937e-04    -5.184060102484962e-05    -1.575228042922387e-04    -2.352465640483266e-04    -4.788847155587705e-04    -6.387188278728904e-04    -2.206782339018000e-04     3.958265911117844e-05     8.173509917552453e-05     8.800000000000000e-01     4.051917070000000e+04
    5.829921379601288e-03     4.301283825757774e-03     3.381511418685485e-03     3.119024818966921e-03     2.275614464138930e-03     1.534780919116057e-03     1.233944479229679e-03     9.408004773753314e-04     6.589423627611393e-04     3.823087550207907e-04    -5.698291698452738e-05    -6.527541277756192e-04    -1.110663370656898e-03    -7.903209612222689e-04    -7.703586042312593e-04    -3.951977125674999e-04    -5.707304202666207e-04    -9.950261052055790e-04    -5.672874723338248e-04    -7.285598397572767e-04    -7.374554636618212e-04    -8.328330673734027e-04    -2.210822941309974e-04     1.901342344692147e-04     1.200000000000000e+00     4.051917070000000e+04
    2.009803259651308e-03     1.752320119401684e-03     2.170996456383449e-03     1.635224311946589e-03     1.802265386468467e-03     1.388916682548257e-03     1.534634928621525e-03     1.399284577753663e-03     7.608683016828951e-04     5.033238640307064e-04     2.359791226429563e-04    -1.924651619482379e-04    -4.748923467327064e-05     6.095465256671399e-05    -3.321767535191003e-04    -4.275510959363523e-04    -3.653113036333497e-04    -2.396066713237991e-05    -1.258465403609593e-04     2.320735798809769e-05    -1.421993220419853e-04    -2.753541262507361e-04    -4.558227646120908e-04    -4.739595550266107e-04     1.520000000000000e+00     4.051917070000000e+04
   -2.791304214267995e-04     6.134598398467378e-04     2.846476883402792e-03     4.136488410681020e-03     3.467910909128799e-03     1.184189766478377e-03    -6.828016121703693e-04    -3.165635821695722e-03    -3.711715273109484e-03    -5.751260366713159e-03    -4.355793157642089e-03    -3.241895083620572e-03    -8.979029644970978e-04     3.734389124463901e-04    -2.551409262245203e-03    -4.034065651790521e-03    -3.667527731263206e-03     3.074253507483605e-04     3.282655500346970e-03     1.486237083255880e-03    -5.099975352612154e-04    -1.173718455762205e-03    -4.136741712655693e-04    -1.555678394635882e-03     1.840000000000000e+00     4.051917070000000e+04
    1.778668681756580e-02     1.396926219101034e-02     1.235664245276479e-02     1.037518936486657e-02     8.746658925048726e-03     7.407655682124535e-03     5.833798110799720e-03     4.983672405469079e-03     4.072789739677440e-03     3.140595148040987e-03     1.870626184830354e-03     1.156216778938903e-03     1.366431241644842e-03     6.475410339894037e-04     4.169611341756993e-04    -1.106477869931871e-04    -7.626420232356819e-04    -8.612913707374085e-04    -1.243952020834245e-03    -1.697521705172048e-03    -1.289161291245403e-03    -1.039796058639703e-03    -5.086565559730028e-04    -6.950227980279728e-04     5.600000000000001e-01     4.051917110000000e+04
    5.722097827660189e-03     4.786147040725123e-03     3.825633855407158e-03     2.641032395169622e-03     1.813144416492631e-03     1.269878102076925e-03     1.272251829218570e-03     5.326194670308350e-04     5.045945022090441e-04     6.284160614076603e-04     7.586669304623701e-04     3.285203802437987e-04     4.245678554007292e-05    -3.660579782195309e-05    -6.298657789873826e-04    -5.655332118149440e-04    -2.530354552465797e-04    -2.365433750316822e-04    -1.930433433509568e-04    -2.696318497033096e-04    -5.057063293451321e-04    -3.926796043653325e-04    -1.280573735012207e-05    -1.947079250824874e-05     8.800000000000000e-01     4.051917110000000e+04
    5.304646837091182e-03     4.030368907933823e-03     3.113059200749469e-03     2.485906664640291e-03     1.636602159383590e-03     1.104678241206728e-03     9.263104764037472e-04     8.069716234248558e-04     7.486120337018502e-04     3.378518794923671e-04    -1.246648679124005e-04    -1.001311827532988e-03    -1.503435658383959e-03    -1.115864507354301e-03    -1.061544742311060e-03    -6.365438355528624e-04    -6.540263338379060e-04    -9.032016531997641e-04    -5.007097991933542e-04    -6.872454881008357e-04    -7.169349687236724e-04    -5.743627043398067e-04     6.735611034808361e-05     2.728161595245315e-04     1.200000000000000e+00     4.051917110000000e+04
    1.657601794517190e-03     1.357936488926611e-03     1.363232232802773e-03     1.367425280464206e-03     1.446234793466308e-03     1.028147089866304e-03     1.179171846519806e-03     1.223583667416802e-03     5.460330284273548e-04     3.490026695001288e-04     1.237765170789350e-04    -5.028385996061590e-05    -2.213386400086100e-04    -2.522201226460334e-04    -4.437378584864147e-04    -5.828667127313797e-04    -2.953745623900797e-04    -2.131732519376878e-04    -5.420564486111546e-05    -1.710424671029211e-04    -3.262856165950579e-04    -2.957983907156754e-04    -3.107333731833299e-04    -3.043228345653673e-04     1.520000000000000e+00     4.051917110000000e+04
    3.171282313204948e-04     2.566004959684292e-03     5.799441941361808e-03     4.774465568093691e-03     1.880960639046646e-03     1.289664351060998e-04    -9.116008678943080e-04    -2.146731982689716e-03    -4.927177491748281e-03    -4.832696851871275e-03    -4.823433574032344e-03    -3.622550642833719e-03    -1.795718457695303e-03    -3.099733607368816e-04    -3.052094494182902e-03    -3.023990657027597e-03    -2.946237884042221e-03     1.823494257132387e-03     3.433587144187505e-03     1.268604219956220e-03    -1.576463943361465e-03    -3.604616823629996e-04    -6.187571594555587e-04    -2.534412975026130e-03     1.840000000000000e+00     4.051917110000000e+04
    1.716013446648834e-02     1.404568381148707e-02     1.276615086276187e-02     1.107883898049578e-02     9.583640212344018e-03     7.478081606814952e-03     6.449490367574333e-03     4.808152632211568e-03     4.707985060084454e-03     3.585505190647501e-03     2.779582427819964e-03     1.883280566268222e-03     1.753798944242015e-03     5.234827825713120e-04     5.715656530822381e-04     2.363625827845319e-04    -4.789154891084033e-04    -7.534376023049085e-04    -8.664852701051762e-04    -1.553839776522744e-03    -1.538330237930347e-03    -1.278047424568971e-03    -8.751138979334007e-04    -8.859310878169137e-04     5.600000000000001e-01     4.051917140000000e+04
    6.621266759265218e-03     5.051223032957454e-03     3.910835725157579e-03     2.742327419935715e-03     1.862985475125185e-03     1.115170210404325e-03     1.089006434238144e-03     4.753787939032677e-04     2.391745437777905e-04     9.519578808611186e-05     4.328092872358321e-04     4.189318855818410e-04    -2.132285654992072e-05     1.760618204023466e-04    -9.154726412704690e-05    -4.424995872152264e-04    -3.416707901310107e-04    -3.276824479984481e-04    -3.599061119554902e-04    -5.273528004046885e-04    -5.756886667135058e-04    -2.651320216854906e-04     9.103493276682282e-05     1.879069517984630e-04     8.800000000000000e-01     4.051917140000000e+04
    5.834276276513140e-03     4.531033461858383e-03     3.750496163193753e-03     3.323536493654829e-03     2.604784308647912e-03     1.542355708129719e-03     1.312126375981927e-03     1.157244371886009e-03     1.016909302730097e-03     4.771103153339651e-04     3.941450629047333e-04    -2.747951381747089e-04    -1.166719788392348e-03    -9.393323846923437e-04    -7.354563909181303e-04    -8.974810057645986e-04    -8.057436315447846e-04    -1.047133744691144e-03    -5.817609552684924e-04    -6.341510788909110e-04    -7.629339243362043e-04    -7.603344956945123e-04    -2.148290112853224e-04     3.818983303865535e-04     1.200000000000000e+00     4.051917140000000e+04
    1.251520529435648e-03     1.651484358480094e-03     1.643653583940487e-03     1.227604861921250e-03     1.429460257303641e-03     7.635438869331187e-04     5.955197328856971e-04     6.230298314717077e-04     2.168555810876847e-04     7.562251199106321e-05     5.469197520233851e-07    -1.731558219755442e-04    -7.613812052847653e-05    -2.205335830965021e-04    -5.288505842968150e-04    -5.317399680679362e-04    -4.276165152996281e-04    -2.735428110125190e-04    -8.094348263666830e-05    -1.666449217850483e-05    -8.376265277047155e-05    -1.141214912924993e-04    -2.139842042961531e-04    -2.672024068122576e-04     1.520000000000000e+00     4.051917140000000e+04
   -5.117604924994461e-04    -1.258456778600010e-04     3.028512368123784e-03     2.120490300047749e-03     1.221481734339677e-03     1.024368743117337e-03    -1.173010934397026e-03    -2.563074528749942e-03    -4.759600411886715e-03    -7.353758173752750e-03    -4.413708282153309e-03    -1.738703756764669e-03    -2.313622214094060e-05    -2.460970520098997e-04    -2.058941800076111e-03    -3.326847578990770e-03    -3.090260565090592e-03    -1.881829296560180e-04     2.952193384310573e-03     1.422719877995456e-03    -6.037327053938023e-04    -1.000703752148886e-04    -4.048116498421809e-04    -1.437725033384388e-03     1.840000000000000e+00     4.051917140000000e+04
    1.667662771998128e-02     1.294194236850059e-02     1.198812714522534e-02     1.010841369943935e-02     8.415122243746893e-03     7.186950823265544e-03     5.679401356503013e-03     4.799629746135022e-03     4.239365135840285e-03     3.370259075492586e-03     2.136669552905658e-03     1.276235479422986e-03     1.546898184772548e-03     9.335727434949866e-04     5.199131863895557e-04     2.560150831132587e-04    -4.697950650659523e-04    -7.378107897585499e-04    -1.312072911545101e-03    -1.450893860154405e-03    -1.420266040329695e-03    -1.088483170450257e-03    -5.943490661814810e-04    -7.500653553667165e-04     5.600000000000001e-01     4.051917170000000e+04
    6.233880468270170e-03     4.711394147272673e-03     3.809215761610627e-03     2.732791146982063e-03     1.638386792592333e-03     1.120063563463614e-03     1.222313796781172e-03     7.495052237218016e-04     4.726264364970397e-04     4.256889561467187e-04     4.770126547628901e-04     2.721272626102622e-04     2.312602942827279e-05    -2.011477102012464e-04    -3.866234883602266e-04    -5.466040885235765e-04    -5.287861377658360e-04    -3.420632965155450e-04    -3.627700115980545e-04    -3.552389610206915e-04    -5.537328090318408e-04    -2.563312809714544e-04     1.334226450192734e-04     1.732716002377553e-04     8.800000000000000e-01     4.051917170000000e+04
    5.718088627514544e-03     4.339601677756127e-03     3.643412527530376e-03     3.159610727917502e-03     2.289993697129161e-03     1.456093803453911e-03     1.371403902119176e-03     1.205288181693448e-03     8.932659811381842e-04     6.868879622870342e-04    -1.790250579565782e-04    -8.297380784202083e-04    -1.228033527234109e-03    -8.661415285309569e-04    -8.098232969401129e-04    -6.201737010002399e-04    -7.396849851006152e-04    -9.366395959427506e-04    -5.543618354711571e-04    -5.942340204059089e-04    -7.040423429988647e-04    -8.172049361691663e-04    -2.517911451214427e-04     4.160790370215806e-05     1.200000000000000e+00     4.051917170000000e+04
    1.347098115713237e-03     1.094498300495071e-03     1.751196600100409e-03     1.295837352166578e-03     1.108963613291606e-03     8.169020766394200e-04     1.116399279760219e-03     7.782951080766639e-04     3.626516282214760e-04     2.558106908716512e-04     6.341013172615539e-05    -7.882247340368681e-05    -1.760157098903705e-04    -5.083339715405121e-04    -4.540513141277628e-04    -1.834599965628670e-04    -4.292215704981807e-04    -3.818647694322213e-05     3.081860811046043e-05    -1.859506058254004e-06    -2.964032281766090e-04    -1.167320357413110e-04    -2.329459682601984e-04    -4.139341892449380e-04     1.520000000000000e+00     4.051917170000000e+04
    1.082327360380107e-03     2.343471011981966e-03     3.036370851660164e-03     7.789515452564309e-04     1.343374503183096e-03     1.544513596120993e-03    -1.598380582796795e-03    -3.539961388309882e-03    -5.945875112526343e-03    -5.188166404393865e-03    -4.650774061441890e-03    -2.345078878780404e-03    -1.522878533635654e-04    -4.380611769038102e-04    -1.732300252608502e-03    -2.317194366873252e-03    -2.745883839325406e-03     3.885873166675762e-04     3.038286626628554e-03     1.040622741369082e-03    -6.667184480831381e-04    -3.993118465985540e-04    -2.507769044975037e-04    -2.344375353952957e-03     1.840000000000000e+00     4.051917170000000e+04
    5.216311792093526e-03     4.136361125451872e-03     3.383261784295780e-03     2.586885862653978e-03     2.326236801873513e-03     1.921370969455339e-03     1.595621219970854e-03     1.097923878240629e-03     8.059214083911361e-04     8.590265655832538e-04     7.727131441641184e-04     4.526509636057445e-04     5.502473929585621e-04     1.799619801817336e-04    -2.424935389704210e-04    -5.083803185972000e-04    -4.981347375892265e-04    -5.048981055266578e-04    -3.863119538698545e-04    -4.399771196094082e-04    -2.110810585553878e-04    -2.217402642139321e-04    -2.556697850880796e-04    -2.736069579196552e-04     6.700000000000000e-01     4.051917210000000e+04
    3.528940633259468e-03     2.718636452131836e-03     2.009258323525316e-03     1.815803043603506e-03     1.462916478127225e-03     1.156029151499678e-03     9.802945305859873e-04     4.816198803662502e-04     3.151096424324270e-04    -8.229522921700404e-06    -1.562527214069142e-04    -5.345339269376435e-04    -7.262782916142859e-04    -5.355081034564835e-04    -4.060792014110492e-04    -3.412899188259161e-04    -2.063337663445998e-04    -3.743131850139013e-04    -2.062214668496251e-04    -4.442027539820424e-04    -4.898299001342958e-04    -4.958828116862266e-04    -2.481066821593222e-05     7.975690186635768e-05     1.200000000000000e+00     4.051917210000000e+04
    5.675283200483530e-04    -1.639831939109964e-04     9.907502916402524e-04     4.474591438236365e-04     5.680938162627310e-04     2.329773378478659e-04     6.813159727478661e-04     4.381112826338820e-04     8.011434677287770e-04     6.876254238150021e-04    -4.726348224475052e-05    -1.353539962394871e-04     4.318630682919708e-04     4.530270472746663e-04     4.175617532346872e-05    -4.658797719575204e-04    -7.878932283649920e-04    -6.449494050201416e-04    -5.204241493522757e-04    -2.387398093105384e-04    -2.949761678524553e-04    -3.645199866536110e-04     1.683527792090427e-04    -2.136667751001712e-05     1.730000000000000e+00     4.051917210000000e+04
    5.424423334768534e-03     4.589593057879853e-03     3.596523502195859e-03     3.097365529714930e-03     2.714071992116640e-03     2.207664625805511e-03     1.723663300740697e-03     1.162106417326522e-03     1.269575438669339e-03     1.203471997914118e-03     8.348353766656242e-04     3.123110243834808e-04     4.315022045945628e-04     3.828251959921849e-04     3.914631760216024e-05    -3.758586135948357e-04    -5.420506066188741e-04    -4.907704367742095e-04    -3.901653109120389e-04    -5.503820744284894e-04    -3.817725593028950e-04    -3.225145663645351e-04    -2.444076551536999e-04    -3.613251880482538e-04     6.700000000000000e-01     4.051917250000000e+04
    2.946520059222671e-03     2.273836902654524e-03     1.801614384066827e-03     1.721969991873435e-03     1.216829122541134e-03     9.387231834250291e-04     1.029541153678387e-03     7.944768808304277e-04     5.085120233432617e-04     3.667773601546708e-04    -1.440223856286863e-04    -5.353252028302365e-04    -6.967410516656859e-04    -7.331120228947255e-04    -6.737785255311198e-04    -2.493377549779228e-04    -2.662401008356483e-04    -3.279576338480539e-04    -1.566295212353919e-04    -3.083528448549974e-04    -4.541223833777740e-04    -4.712741769635602e-04    -3.708348178869131e-05     1.471592408047874e-05     1.200000000000000e+00     4.051917250000000e+04
    5.004647171486415e-04     4.760038678108377e-04     1.467387135491680e-03     8.811004740105027e-04     5.845729499032968e-04     7.154932069194195e-04     8.433665651070028e-04     1.326870717657199e-03     9.865256218847263e-04     4.350232646692143e-04    -4.826454067537206e-04    -1.872128253070644e-04     7.275585138933171e-04     8.081929213814115e-04     5.921300994857622e-04    -2.755680637767878e-04    -1.051493653622348e-03    -9.535513293061804e-04    -3.934279626742567e-04    -6.684668901358102e-04    -3.339829419862562e-04    -4.638652264947165e-04    -3.293677325859828e-05     1.908067029285460e-04     1.730000000000000e+00     4.051917250000000e+04
    5.845230723432075e-03     4.399316974987341e-03     3.571783868860946e-03     3.353358752732446e-03     2.882362638455301e-03     2.314508419337424e-03     1.632549912314658e-03     1.358941119639529e-03     1.108032834837211e-03     9.311830065889907e-04     6.936401013394386e-04     3.536339181895017e-04     1.932231581051348e-04    -5.467558497981601e-05    -1.635248948670560e-04    -3.647763426118205e-04    -4.498258430251565e-04    -1.858322258438745e-04    -2.396086513493063e-04    -4.580258705712193e-04    -3.984495474935214e-04    -2.199689933480890e-04    -1.648315875649147e-04    -2.952689193234414e-04     6.700000000000000e-01     4.051917290000000e+04
    3.527363150589430e-03     2.852260559444672e-03     2.442547560288646e-03     1.816444821674373e-03     1.656291460080045e-03     1.300278970216880e-03     9.009030972315076e-04     5.909867083391958e-04     1.067632133309539e-04    -1.641510773424561e-04    -3.272755535110269e-04    -6.045617085915514e-04    -9.138863420066642e-04    -7.515146297845792e-04    -5.386823182535302e-04    -4.262968253729200e-04    -4.431570206618200e-04    -3.586563284520283e-04    -4.390612556472647e-05    -2.812915277163297e-04    -4.495764682147972e-04    -4.052429538479007e-04    -5.954206269105393e-05     1.433513134808669e-04     1.200000000000000e+00     4.051917290000000e+04
    1.159814718600979e-03     4.446239330567718e-04     1.181680754652488e-03     6.836481294041179e-04     3.735154550698187e-04     4.498684119082449e-04     5.756428418104124e-04     4.292727832723931e-04     1.028249177149593e-04     3.155050115383728e-04     1.987761249919611e-04     2.346563190815739e-04     7.783930617646286e-04     6.490515283227117e-04    -5.292818631322709e-06    -3.123625823067702e-04    -8.670605616672860e-04    -1.162236366872677e-03    -7.318239058503917e-04    -6.294997270976090e-04    -4.092266963310002e-04    -3.124003782940796e-04     1.244127913574211e-05     1.459152764644886e-04     1.730000000000000e+00     4.051917290000000e+04
    5.612854992990348e-03     4.346567895255719e-03     3.516527235373076e-03     2.911949519573279e-03     2.426841345649467e-03     2.042852748736025e-03     1.535214402528991e-03     1.234938190760436e-03     1.089187168644086e-03     8.388650461811797e-04     6.900074583001877e-04     3.245676839367085e-04     1.347607717139870e-04     1.097408719030075e-04    -1.431322076721331e-04    -4.655865511212305e-04    -5.375206666797786e-04    -5.094581760127469e-04    -4.380794294952813e-04    -4.393684721740948e-04    -3.490539063417711e-04    -2.321433152125731e-04    -2.553588121765479e-04    -2.335996954879882e-04     6.700000000000000e-01     4.051917340000000e+04
    3.170295000290144e-03     2.358105945700319e-03     1.928404190879391e-03     1.750272049849444e-03     1.343983435714748e-03     9.201209703473377e-04     7.722207195434489e-04     5.414783543862109e-04     2.841899778947287e-04     1.907454631519764e-04    -5.155681396736764e-06    -5.261346316398452e-04    -7.958763779377353e-04    -6.200389241479738e-04    -5.506197731998383e-04    -3.957182867970058e-04    -2.887765755160090e-04    -2.050793806404857e-04    -6.315610811955037e-05    -3.444924961123640e-04    -4.813063613532371e-04    -5.855602959427106e-04    -6.813770375455940e-05     1.217653818157865e-04     1.200000000000000e+00     4.051917340000000e+04
    1.366072480726602e-03     2.756443176831849e-04     1.455749156550616e-03     1.350009606648798e-03     6.852487837741929e-04     5.296862362670246e-04     4.193030564675053e-04     2.307284358484608e-04     1.099066522515272e-04    -4.600525569913865e-06    -2.657337209834611e-04    -1.279381919289957e-04     3.866432138017475e-04     7.784473342471101e-04     4.442896129517001e-04    -1.247956880230621e-04    -6.151005631275862e-04    -9.391295188323125e-04    -5.214728265210597e-04    -3.165916263571537e-04    -3.025845808596533e-04    -5.122523642079285e-04    -3.455334048651846e-05    -1.059536728153437e-04     1.730000000000000e+00     4.051917340000000e+04
    5.590546088545414e-03     4.488509839238048e-03     3.916220602824348e-03     3.056517714623211e-03     2.624538296438903e-03     2.247820250820038e-03     1.665749626088324e-03     1.206729777444149e-03     1.306129804638426e-03     1.140711507715124e-03     9.110097941767684e-04     4.486478019944696e-04     3.735488179659188e-04     3.585775729744564e-04    -8.803380583138567e-05    -3.147799564910741e-04    -4.677816961973071e-04    -5.085541833492883e-04    -4.460776130732974e-04    -5.761227960261052e-04    -3.201613855397887e-04    -2.042375943503308e-04    -1.144481235625261e-04    -3.590831135521278e-04     6.700000000000000e-01     4.051917380000000e+04
    3.358264046298497e-03     2.638026096752455e-03     2.215217150907459e-03     1.749860520561165e-03     1.506042627431114e-03     1.052863441062298e-03     9.010450665811943e-04     5.631153663609295e-04     2.469150243275961e-04     2.304094569329273e-04     8.212062919040695e-05    -4.086179476966545e-04    -6.049067352252727e-04    -6.007873322333968e-04    -4.891491747241653e-04    -2.528328921509897e-04    -2.062522468745772e-04    -3.464159317712861e-04    -2.614020375227121e-04    -5.652412336848194e-04    -5.578686033214424e-04    -6.197748752892302e-04    -1.922340467137070e-04     1.452901423935618e-04     1.200000000000000e+00     4.051917380000000e+04
    5.476959194467733e-04    -1.537416188470765e-04     3.270705033201015e-04     1.294364185812566e-04    -5.094964465108462e-05    -5.699812887183794e-05     5.772241713830449e-04     7.259292294014409e-04     3.372974692882681e-04     3.278676059836740e-04    -1.401857172618497e-04     5.716718709563287e-05     7.574184080227405e-04     7.349939689704071e-04     2.637229231442183e-04    -3.172646744143453e-04    -1.076183918785812e-03    -1.040512325795066e-03    -1.560810504132922e-04    -3.691017415492890e-04    -1.831379520510467e-04    -3.534864482453749e-04     5.719357395950086e-05    -4.429959614827931e-05     1.730000000000000e+00     4.051917380000000e+04
    5.540141641721047e-03     4.543194184017021e-03     3.487870498951963e-03     2.989577907557191e-03     2.372677448297786e-03     1.915339280020965e-03     1.547573130319724e-03     8.815507515017700e-04     1.094760248976480e-03     8.128570292829805e-04     5.127866540016471e-04     2.292351769579002e-04     1.129850542525377e-04     1.357640531800843e-04    -1.413931083554184e-04    -2.958359676858729e-04    -3.708395917808284e-04    -3.040190697907800e-04    -2.722971989547114e-04    -3.683856297134810e-04    -2.457737615623155e-04    -2.373893453198742e-04    -1.583331876349592e-04    -3.556765362414888e-04     6.700000000000000e-01     4.051917430000000e+04
    2.637143115725567e-03     1.967464532994783e-03     1.819640303383627e-03     1.323138819067902e-03     1.124182407502569e-03     9.053632992079367e-04     6.810804333572782e-04     6.049994079780842e-04     3.912411386920014e-04     5.940273932570105e-05    -2.398362231770762e-04    -6.857669121118041e-04    -9.424346152665578e-04    -6.129062428554435e-04    -5.362395765909933e-04    -3.803526050820849e-04    -3.419717708070863e-04    -3.375418294273693e-04    -7.422495529186266e-05    -2.270001559361369e-04    -3.903900017078529e-04    -5.123365282910476e-04    -1.089945113945435e-04     1.394501871624162e-04     1.200000000000000e+00     4.051917430000000e+04
    3.174502362748421e-04     2.764432783197998e-04     8.817070291548985e-04     4.796726622439273e-04     2.212717747714880e-04     9.485513962350552e-05     3.168890096268883e-05     3.458326415861640e-04     1.454627532862932e-04     1.749669659180486e-04    -2.669642223966552e-04    -5.197535132278197e-05     8.171804830388565e-04     8.229041042115207e-04     5.728074277084220e-04    -2.691532678356083e-04    -7.900915458580796e-04    -9.525807930649211e-04    -3.233275491366137e-04    -4.256235832083531e-04    -2.995603478974837e-04    -5.051103680678319e-04     1.059180682700630e-04    -1.350507128730283e-05     1.730000000000000e+00     4.051917430000000e+04
    5.479602989975447e-03     4.065911888829535e-03     3.407627103013739e-03     2.919942190650794e-03     2.794812615789296e-03     2.308436039785904e-03     1.619197428157673e-03     1.330729869144434e-03     1.194143867554616e-03     1.024655129996858e-03     6.292643172515362e-04     3.909350231878233e-04     3.937722300290936e-04     2.671040411434668e-04    -8.634620999537058e-05    -4.830702236294279e-04    -4.435617374340847e-04    -2.343931100017358e-04    -2.166126672855999e-04    -2.500284798576550e-04    -2.941024534697992e-04    -4.221126731117270e-04    -3.747510719771301e-04    -3.560382202312121e-04     6.700000000000000e-01     4.051917470000000e+04
    3.211895741995041e-03     2.642140465059842e-03     2.305860008324389e-03     1.861374031709349e-03     1.626512734240826e-03     1.038879704825673e-03     8.184508253083285e-04     7.179132190506645e-04     5.273264786690989e-04     2.334975465554149e-04    -2.308638543886871e-05    -4.218044742765023e-04    -5.761366509540110e-04    -3.839245539916278e-04    -4.378921949512863e-04    -3.787300625302399e-04    -2.697649275150345e-04    -3.708739347687716e-04    -1.600627472453304e-04    -4.869002090978536e-04    -5.752903807797142e-04    -5.692360583519987e-04    -1.595534314292456e-04     1.007773042924281e-04     1.200000000000000e+00     4.051917470000000e+04
    1.111653092987062e-03     3.182209002681279e-04     9.787240186321996e-04     8.186700503026338e-04     3.712658121707853e-04     5.189506863160071e-04     1.164875522098798e-03     7.834401112378860e-04     6.447993486766347e-04     6.732538717414100e-04     8.371339597600282e-05     6.236954851397704e-04     6.816908759193879e-04     7.408157364006452e-04     6.909454049633014e-04    -7.058535873215280e-05    -8.904984203036884e-04    -1.036907897965006e-03    -7.243662976667103e-04    -5.421848643973878e-04    -3.663522261811456e-04    -4.654376968422945e-04     4.926420433887577e-05     1.058941251046966e-04     1.730000000000000e+00     4.051917470000000e+04
    5.116732192312954e-03     4.170742748627033e-03     3.259207605790944e-03     2.634193994024650e-03     2.327415503133075e-03     1.877189602500347e-03     1.603101851904856e-03     1.186894323123439e-03     9.861808039845895e-04     8.023376811238053e-04     6.776032882191202e-04     3.813938332004432e-04     5.130692135355922e-04     3.299834563791377e-04     6.188975584853502e-05    -2.252215692735694e-04    -4.029239625577635e-04    -2.741372907359187e-04    -2.701571789820461e-04    -5.297452348988019e-04    -3.966556685409967e-04    -3.559010880917662e-04    -3.451784018741013e-04    -3.492781608139340e-04     6.700000000000000e-01     4.051917520000000e+04
    3.076167787734506e-03     2.384907522272354e-03     2.025415507739945e-03     1.514991370280849e-03     1.432649698718477e-03     1.187950652711387e-03     8.037139816805262e-04     7.431801098885920e-04     3.781600619224371e-04     1.904343274962032e-04     3.639620992910564e-05    -3.754406312217161e-04    -6.719540784743593e-04    -5.801709133797587e-04    -5.150892250861019e-04    -3.096731917981810e-04    -2.852344959999166e-04    -3.430294772339535e-04    -2.205580998665647e-04    -4.421324465395616e-04    -4.295717331738225e-04    -4.356315153793773e-04    -6.358856725920489e-05     7.608413342486848e-05     1.200000000000000e+00     4.051917520000000e+04
    9.228915979477147e-04     8.539035717354493e-04     1.121795651824019e-03     1.180738790006317e-03     7.987805609645372e-04     9.330114020441350e-04     1.003694100100172e-03     1.100195440643746e-03     1.020432723052982e-03     8.532776570836385e-04     2.625845577839347e-04     5.790443720325994e-05     6.808517849483195e-04     8.656032398367709e-04     3.955683158265890e-04    -4.447771240565149e-04    -1.144559770523093e-03    -1.014560038745076e-03    -4.744465432851227e-04    -4.548799888569732e-04    -4.032015467203319e-04    -3.344690127225392e-04    -1.680475000180211e-04     2.663150721024148e-04     1.730000000000000e+00     4.051917520000000e+04
    5.204115238310692e-03     3.946485622073316e-03     3.186039970167238e-03     2.640381311684286e-03     2.306502527356502e-03     1.960560493282904e-03     1.420154776237977e-03     8.986273915344647e-04     6.919108082850306e-04     7.248724536561918e-04     5.848072646803670e-04     2.790982198185841e-04     1.698240691798524e-04     2.417557176542484e-04    -2.427637294061692e-04    -4.259273997274659e-04    -4.944645542906827e-04    -2.526190755593813e-04    -2.664443857012404e-04    -4.229204664947154e-04    -4.202072538511492e-04    -2.479121750313400e-04    -1.807933679191200e-04    -3.106239976223270e-04     6.700000000000000e-01     4.051917560000000e+04
    3.323873683125127e-03     2.639916481038784e-03     2.206881903734495e-03     1.843570965911423e-03     1.575592727855017e-03     1.273709071087145e-03     9.923146962065069e-04     8.381080916165615e-04     4.774445332676576e-04     8.091432425617324e-05    -5.160598711113228e-05    -5.589508188191078e-04    -7.812825580151988e-04    -5.240902645361058e-04    -4.000987152297578e-04    -2.824808325819040e-04    -2.087633746857281e-04    -3.654999267301829e-04    -1.771892623662595e-04    -4.266317266543252e-04    -4.869944819029869e-04    -5.496587925239930e-04    -1.721346529742763e-04     6.294706657377994e-05     1.200000000000000e+00     4.051917560000000e+04
    1.851944521980794e-03     1.434583118633242e-03     1.617322257299463e-03     1.344314851544804e-03     1.094888602512370e-03     6.450706052415553e-04     9.573623695112555e-04     1.055115839751114e-03     9.404204651551355e-04     6.702315221573706e-04     2.509527307638321e-04     2.476459476067113e-04     9.592408672582111e-04     1.085411323442341e-03     5.835498101780720e-04    -2.039833865913043e-04    -9.563801207217006e-04    -7.045717852644447e-04    -4.856696849952562e-04    -6.484299929772837e-04    -5.279242334729093e-04    -5.771978677093366e-04     8.280470309208207e-05    -2.904772756152806e-05     1.730000000000000e+00     4.051917560000000e+04
    5.218593131577120e-03     4.196768507532925e-03     3.530127159335510e-03     2.874201272935771e-03     2.650202633075074e-03     2.170989741621208e-03     1.579921287077921e-03     1.081056104153557e-03     9.124560665821444e-04     7.317711755230166e-04     5.231666135255427e-04     3.206600713159890e-04     1.354650585140909e-04     9.086273166007871e-05    -1.786085326445450e-04    -3.100890641033731e-04    -3.316063181075954e-04    -3.798174606674137e-04    -4.108040528533134e-04    -5.743875652799515e-04    -4.189247787046606e-04    -2.524119932913748e-04    -2.839870443279665e-04    -2.850762512168502e-04     6.700000000000000e-01     4.051918000000000e+04
    3.215686878502164e-03     2.396867191093566e-03     2.038864152087479e-03     1.733367686308423e-03     1.277503104972453e-03     1.138927140061935e-03     6.736149130354793e-04     6.067684041524634e-04     2.993486344370215e-04     1.342319388033253e-05    -9.949045695358960e-05    -3.542263926185951e-04    -6.407493668709436e-04    -6.806240517745361e-04    -5.038956292546367e-04    -3.963286527909707e-04    -3.590767671049503e-04    -4.183641112970398e-04    -3.039392587069195e-04    -3.773270087391597e-04    -3.970296995770088e-04    -4.554209944090651e-04    -9.799559311555839e-05     1.259581023385493e-04     1.200000000000000e+00     4.051918000000000e+04
    6.007362051509878e-04     1.801130733747416e-04     6.978248659086565e-04     4.810407639772758e-04     1.614392142700655e-04     2.548761806777420e-05     7.839757628971304e-04     8.027127666725944e-04     2.979475091807326e-04     2.034206206361834e-04     2.874695390016477e-04     4.936098855044214e-05     6.460362757487261e-04     8.811841328953502e-04     7.257741739246657e-04    -1.103192999350329e-04    -5.973374331544243e-04    -1.014078497007337e-03    -5.530490764061871e-04    -4.361063398018765e-04    -3.818301638499136e-04    -5.704564898812417e-04    -8.522657804276164e-06     5.656810027468902e-05     1.730000000000000e+00     4.051918000000000e+04
    6.014946173366231e-03     4.377300959649003e-03     3.795736806938291e-03     3.138485033537482e-03     2.647732745843543e-03     2.094795413030633e-03     1.569705774076585e-03     7.825849564419512e-04     7.356851449566404e-04     4.525726039933872e-04     5.152969452587309e-04     1.165684487229837e-04     1.409137654601062e-04     1.221736307410411e-04    -1.384731035620222e-04    -2.397362166298622e-04    -4.498391777523215e-04    -3.139418169601892e-04    -3.363719679173869e-04    -5.593500699041899e-04    -3.442491644759783e-04    -3.142509523621661e-04    -1.437415884247614e-04    -2.867341608516684e-04     6.700000000000000e-01     4.051918050000000e+04
    3.211858910524894e-03     2.474211572912693e-03     2.075350593611343e-03     1.866508249115377e-03     1.632161568442003e-03     1.265631965141465e-03     9.521349186262114e-04     6.917287419873871e-04     3.847483163482530e-04     2.984380996368867e-04    -1.336777001701135e-04    -5.548203649778611e-04    -7.740333315947764e-04    -6.401104126388142e-04    -6.270531940627007e-04    -4.809585053568132e-04    -3.992637810427155e-04    -3.851811967757746e-04    -1.894746761927785e-04    -4.245633535789840e-04    -4.525778071046115e-04    -4.813481418022633e-04     1.085384231091080e-05     1.657067294743386e-04     1.200000000000000e+00     4.051918050000000e+04
    3.238733179569710e-04     8.246160583227817e-04     1.680634047641160e-03     1.336514383546447e-03     1.995081305044822e-04     4.555912948068237e-04     7.154626294009956e-04     6.884715836612110e-04     4.530841586789157e-04     6.491521285665910e-04     2.009350101802168e-04     1.522309900319300e-04     4.485723089805010e-04     2.748042152599323e-04     4.038877544804446e-04    -1.379430359028087e-04    -9.235416166078857e-04    -9.633115672941080e-04    -4.684967956360577e-04    -2.917442131009987e-04    -1.574178805404651e-04    -2.556543034680524e-04     4.985124644062441e-05    -1.591075764841177e-04     1.730000000000000e+00     4.051918050000000e+04
    5.329035531779077e-03     4.321941766069645e-03     3.401437125342385e-03     2.689511350311292e-03     2.374033256776701e-03     1.710290651820223e-03     1.374980974791154e-03     9.268991730855590e-04     9.027925497874103e-04     6.287320481980970e-04     5.890262995133518e-04     3.424740347894711e-04     2.179062030920828e-04     2.196940437535186e-04    -1.166695021276128e-04    -3.080716665666250e-04    -3.845901949743028e-04    -3.207528539357108e-04    -4.229045822359048e-04    -5.186067040050987e-04    -3.535443871902758e-04    -1.731102509177523e-04    -1.546132237773173e-04    -1.590319414540048e-04     6.700000000000000e-01     4.051918090000000e+04
    2.901553064067455e-03     2.293728558472047e-03     1.698753639767969e-03     1.390787230683744e-03     1.106840407317738e-03     8.836296301964338e-04     8.397781582402830e-04     6.156516736715773e-04     1.992574337328645e-04     1.474346716702865e-04    -1.335179704728669e-04    -5.206097692846757e-04    -6.593387349481551e-04    -4.545931832188338e-04    -3.926346391250635e-04    -2.992544554938622e-04    -1.980506292708342e-04    -2.687978598732839e-04    -2.036581760356387e-04    -3.244219722845269e-04    -3.443150451463392e-04    -4.657084935738205e-04    -1.302292147035044e-04     3.092377386574351e-05     1.200000000000000e+00     4.051918090000000e+04
    4.223829416436227e-04     2.090507844911001e-04     7.812210932591090e-04     6.412473625219308e-04     3.784666600038545e-04     2.889311624003732e-04     5.418734587175017e-04     5.075764613210564e-04     4.775515055191807e-04     5.232080731296305e-04     1.007135866804691e-04    -5.901729223908824e-05     3.811495648106337e-04     4.630805012558327e-04     3.975055865764005e-04    -1.841875801021638e-04    -7.458502113345957e-04    -7.790590338271893e-04    -6.172041794953411e-04    -3.527948796049404e-04    -5.291603495783124e-04    -4.519920892722252e-04     2.655945692668374e-04     1.004082875398557e-04     1.730000000000000e+00     4.051918090000000e+04
    5.563446463243353e-03     4.415606576336329e-03     3.940412380010077e-03     3.053083212850202e-03     2.791071738505990e-03     2.438890517358566e-03     1.651800733345111e-03     1.082208048012616e-03     1.035612202604438e-03     8.542323891890637e-04     7.048338628374733e-04     6.082056937580671e-04     5.428018464946776e-04     2.370071089715852e-04     4.110216122930422e-05    -3.322812987716926e-04    -4.302184935972609e-04    -4.460984802164093e-04    -4.165241340682498e-04    -5.148614744425353e-04    -3.481400524487251e-04    -2.206556835678645e-04    -1.740859991238045e-04    -3.821620685980790e-04     6.700000000000000e-01     4.051918140000000e+04
    3.368288046511063e-03     2.488627826825868e-03     2.061312765981108e-03     1.787681652643892e-03     1.523490945161453e-03     1.055336738851426e-03     8.435601047354955e-04     7.162460469083533e-04     3.993660130433401e-04     2.673912522545904e-04    -1.487717011727654e-04    -6.344253947970901e-04    -8.862090823565087e-04    -7.544083492213439e-04    -5.347105032524479e-04    -3.874745471807959e-04    -2.845064823502647e-04    -2.436575007819923e-04    -2.407009606190882e-04    -3.733405757229405e-04    -4.829824730611451e-04    -4.539062158726089e-04    -9.774092807656168e-05     2.366132236619502e-05     1.200000000000000e+00     4.051918140000000e+04
    6.795276977070037e-04     4.523386581504079e-04     7.073401440053936e-04     5.988323047877948e-04     1.590180333538969e-04    -2.477557356166198e-04     5.144723744703846e-04     8.548880951047667e-04     2.911135079128146e-04     1.460624627022634e-04    -3.014310025322345e-04     3.782525261296637e-05     3.085966219427668e-04     6.294092228492137e-04     5.250318363154225e-04    -3.401218140094039e-04    -5.185828641237250e-04    -6.990477539281251e-04    -6.407154037755921e-04    -4.855788937723817e-04    -5.661974127975632e-04    -5.403056312771399e-04     1.870096584289429e-04     2.259071629681960e-04     1.730000000000000e+00     4.051918140000000e+04
    5.751653366389383e-03     4.611096385488832e-03     3.475787559364150e-03     2.841485979484621e-03     2.601948649301471e-03     2.195744124368417e-03     1.719645708970809e-03     1.170038701045341e-03     9.273022968063031e-04     8.808204932490408e-04     6.366919521209247e-04     2.100747483105075e-04     4.002077124636295e-04     2.420287147796395e-04    -1.316872032068066e-04    -3.390278950964956e-04    -4.033160605664348e-04    -3.119136683264883e-04    -4.113051263811408e-04    -4.191230989008221e-04    -1.770300781006453e-04    -2.034680698952974e-04    -8.546188478624037e-05    -2.947937881461259e-04     6.700000000000000e-01     4.051918180000000e+04
    3.292466827462716e-03     2.270618260055191e-03     1.948959062661865e-03     1.616183244199342e-03     1.068605042935977e-03     9.753877898020346e-04     6.537868748263317e-04     3.160984989241880e-04     4.332810123373627e-04     1.546405044537703e-04    -1.188283730522717e-04    -5.369731591143617e-04    -7.939970724578139e-04    -5.944513612365070e-04    -3.705516739791370e-04    -1.935202726076263e-04    -2.438512901185439e-04    -2.989108426491020e-04    -6.955399680585775e-05    -3.841790050526621e-04    -4.022938057187227e-04    -4.835908264313774e-04    -5.157380588509176e-05     6.824711795389120e-05     1.200000000000000e+00     4.051918180000000e+04
    1.173922222835621e-04    -2.559700110061467e-04     1.165736140325973e-03     8.315277666624810e-04     4.300413309592191e-04     2.958838533783275e-04     2.355712392901263e-04     3.457426770096843e-04     1.727784001537209e-04    -1.055427008254018e-04    -5.014797817357707e-04    -3.443200396877158e-04     9.105889859630906e-04     9.617765204995110e-04     4.322295178744413e-04    -2.275500620897809e-04    -5.261160811755973e-04    -1.011492413460130e-03    -5.863305729371800e-04    -2.682761769842004e-04    -2.675609741568297e-04    -4.587594453301405e-04     1.078503507954462e-04    -1.419938115006894e-04     1.730000000000000e+00     4.051918180000000e+04
    6.127656622109595e-03     5.002631870375578e-03     4.173296781004514e-03     3.221282662746272e-03     2.775474701744667e-03     2.136698398392966e-03     1.730760416384646e-03     1.088490122455396e-03     8.152797730594835e-04     5.292896829156329e-04     6.206887694675011e-04     2.547173822083441e-04     1.521825634561101e-04     1.383216817633885e-04    -3.070293179620913e-04    -5.191986868006064e-04    -6.245105045710478e-04    -4.363480660383452e-04    -3.595500297842384e-04    -4.365106089066575e-04    -2.496170720385201e-04    -1.472328621246352e-04    -2.165967085644293e-04    -2.876287501406971e-04     6.700000000000000e-01     4.051918230000000e+04
    3.145765611775428e-03     2.775875511070477e-03     2.136700518623421e-03     1.937440148421307e-03     1.407547315982235e-03     1.151390441930322e-03     9.055121950058276e-04     6.016854218783543e-04     4.186850765668154e-04     1.042961427407712e-04    -2.148873983578499e-04    -4.973467300829523e-04    -6.261342114092419e-04    -5.062005698187595e-04    -5.297190223967498e-04    -3.716000210334432e-04    -3.275263962015836e-04    -3.507657135298960e-04    -1.114265659704294e-04    -2.710464047306996e-04    -3.116930571947044e-04    -5.052991145580217e-04    -1.618291542954601e-04    -3.260685537789601e-05     1.200000000000000e+00     4.051918230000000e+04
    1.330563664169472e-03     6.068711765161251e-04     1.410969356217278e-03     7.640079986254787e-04     5.557173721410090e-04     3.817508108731795e-04     9.982177671338638e-04     1.129026439131711e-03     5.978924374799703e-04     4.532559086747132e-04     2.935718094957514e-04    -7.270000786989631e-05     6.138098633581140e-04     7.975409007389598e-04     2.881844943294111e-04    -5.508552300439867e-04    -1.051216605213361e-03    -9.444440881103111e-04    -5.279978096927693e-04    -6.039033632638646e-04    -3.047810901650566e-04    -5.256233584255226e-04     9.712559235374630e-05     8.522655804520286e-05     1.730000000000000e+00     4.051918230000000e+04
    5.226087599125897e-03     4.377974794374722e-03     3.329765154468309e-03     3.226234099617964e-03     2.762813055222316e-03     2.113471102619625e-03     1.610400390241795e-03     1.082647517129110e-03     9.262437053808738e-04     8.249266287910494e-04     6.488161639807483e-04     2.769763974802225e-04     3.613660800733262e-04     2.704953309855772e-04    -1.579087232881286e-05    -3.024571271451709e-04    -4.979649390110587e-04    -2.684907075618571e-04    -3.031814475349285e-04    -4.588902546677098e-04    -3.726887463194757e-04    -3.368686712405400e-04    -3.429335031845534e-04    -4.227819767281102e-04     6.700000000000000e-01     4.051918270000000e+04
    3.105806315741026e-03     2.738181535736312e-03     2.396146289591515e-03     1.728409281327339e-03     1.292439271811576e-03     1.312722080832297e-03     9.456887563843494e-04     7.509405138599480e-04     5.203993295154216e-04     1.248830635287531e-04    -2.071488244531151e-04    -5.241289993868331e-04    -7.807944762441739e-04    -5.428745270288923e-04    -4.689462723493551e-04    -1.911167772808244e-04    -1.079677172422151e-04    -3.082663350659818e-04    -2.352522966507646e-04    -4.832725194350266e-04    -5.594087023324217e-04    -5.454944141152883e-04    -7.503584918223793e-05     3.351013246521953e-05     1.200000000000000e+00     4.051918270000000e+04
    1.369468552329591e-03     6.073680457171588e-04     1.341110818883231e-03     1.176110981260393e-03     4.601153008382090e-04     8.893130528740210e-04     1.124011769602500e-03     8.142856640776583e-04     4.101416830565732e-04     5.458059697977377e-04     3.234252397609308e-04     4.964238598882726e-05     7.615465793121791e-04     4.881815797336938e-04     3.212364179203219e-04    -4.314443432537546e-04    -6.622215708458943e-04    -7.590644445945689e-04    -3.215784340169852e-04    -6.879261173114289e-04    -4.118534287697965e-04    -4.918950848340144e-04     6.605390746884729e-07     8.589206140645369e-05     1.730000000000000e+00     4.051918270000000e+04
    5.593733338777095e-03     4.043162171322805e-03     3.696466509560502e-03     2.924370929750074e-03     2.484247813151761e-03     2.054928760521601e-03     1.555898648712502e-03     1.172475443481694e-03     9.445875434939710e-04     1.105811197867884e-03     6.643173897885290e-04     2.492074595901225e-04     2.014197862910975e-04     1.404164009471749e-04    -1.178509738247092e-04    -2.576339473372746e-04    -5.282497994437419e-04    -3.655643201325095e-04    -4.595512396283360e-04    -4.541333954556879e-04    -1.884625166807911e-04    -2.779765474239695e-04    -3.281082985476050e-04    -3.878304501936103e-04     6.700000000000000e-01     4.051918310000000e+04
    3.111613450479442e-03     2.529968101948624e-03     2.025663413278676e-03     1.671999807207519e-03     1.273339773739692e-03     9.111412018508560e-04     6.602711218904631e-04     4.730153673380924e-04     2.450684347511838e-04     6.567341661445721e-05    -1.762099833221262e-04    -5.289013225353779e-04    -7.057632411709295e-04    -5.604785633899430e-04    -4.613270711050022e-04    -2.213810971495021e-04    -3.552456910500619e-04    -4.377182000174756e-04    -2.771960535649178e-04    -4.623377548450194e-04    -5.594626251452571e-04    -5.446273912411168e-04    -1.105619779909250e-04     1.474350432982198e-04     1.200000000000000e+00     4.051918310000000e+04
    6.070105789844448e-04     3.297889357618855e-04     6.303610589758848e-04     5.620670644266587e-04     1.611224614355452e-04     3.234763406046844e-04     8.523613381303277e-04     9.182352463820734e-04     7.542146656925536e-04     5.369064281538203e-04    -3.326940809295066e-04    -2.703065385023689e-04     6.613296700459471e-04     6.396936257908666e-04     3.050776102286128e-04    -2.817434164909279e-04    -4.967954978303162e-04    -8.966140943250131e-04    -6.342692531670741e-04    -3.439360837788353e-04    -2.335443307162426e-04    -4.645562618738067e-04     6.490374740070618e-05    -3.106142301205042e-06     1.730000000000000e+00     4.051918310000000e+04
    5.674583854670328e-03     4.277105760904081e-03     3.603410927880670e-03     2.754638658360767e-03     2.213483943948308e-03     2.054485431340870e-03     1.622683057006887e-03     1.268175911846852e-03     1.240926752341359e-03     1.118680530294280e-03     8.653618204413061e-04     4.411473341428273e-04     3.565765642715986e-04     1.107663167268706e-04    -3.656546379893245e-04    -5.843553151304907e-04    -6.012441408749917e-04    -2.505241719716015e-04    -4.053279802644301e-04    -4.466864557837954e-04    -4.051305337749703e-04    -1.888204255659705e-04    -2.236850309720948e-04    -2.742501339978133e-04     6.700000000000000e-01     4.051918360000000e+04
    3.353006683497888e-03     2.621845072923070e-03     1.907903694623136e-03     1.641382541007746e-03     1.276695577641573e-03     8.930134007463604e-04     7.694025886017155e-04     4.071736343138358e-04     1.268942893727272e-04    -1.115093137967986e-04    -4.258070820993425e-04    -6.813766596183781e-04    -7.755936499549658e-04    -5.292131027599824e-04    -5.313874157059474e-04    -3.683071228963201e-04    -2.714663816971989e-04    -3.180362581615413e-04    -1.203700071166776e-04    -2.874337411128774e-04    -3.603846647969937e-04    -4.322587133474393e-04    -7.667078771881294e-05     1.300901146672368e-04     1.200000000000000e+00     4.051918360000000e+04
    9.544974923858969e-04     5.481913858910948e-04     9.050387820931427e-04     6.369151083410538e-04     3.062377847344196e-04     6.310189161945881e-04     4.961435710249475e-04     5.054419209708363e-04     5.915581532124389e-04     6.315949303919563e-04     2.842372356975921e-04     5.133467726689300e-04     1.114091903891724e-03     8.819138214316234e-04     3.531654077675525e-04    -5.229551836172432e-04    -6.935607996263374e-04    -5.525947442623025e-04    -2.658979607116970e-04    -3.835285290802732e-04    -4.517687419693881e-04    -7.567360525154037e-04    -1.150563275119000e-04    -1.901329058020505e-05     1.730000000000000e+00     4.051918360000000e+04
    5.883083238744015e-03     4.524089147151919e-03     3.613941340807270e-03     2.854777755367243e-03     2.268226617800638e-03     2.138618964802688e-03     1.915769882297300e-03     1.444283315313812e-03     1.080675983840120e-03     8.692574886426516e-04     7.930297671016969e-04     4.146092121990308e-04     3.527666774871005e-04     1.896835427408091e-04    -1.854164192052045e-04    -2.563252071321025e-04    -4.238695387406416e-04    -2.662448153543680e-04    -3.204694248751922e-04    -4.825530611443014e-04    -4.073353800729126e-04    -3.327549867274516e-04    -2.364965495697646e-04    -3.063218430216583e-04     6.700000000000000e-01     4.051918400000000e+04
    3.324838716822595e-03     2.358683365598408e-03     1.939137312259850e-03     1.436146359448603e-03     1.273050170796995e-03     9.016108784381416e-04     9.006791365743684e-04     5.537298651425318e-04     3.235682890388652e-04     7.491166498874204e-05    -1.298992706079580e-04    -5.671199149071338e-04    -7.654655344409512e-04    -6.892598951897165e-04    -6.869500181230207e-04    -4.401157987258831e-04    -3.468124172852959e-04    -2.608544444519296e-04    -1.000266514203759e-04    -3.621227036733969e-04    -4.042501206239858e-04    -5.123652566970660e-04    -9.459856536086590e-05     1.806131590925996e-04     1.200000000000000e+00     4.051918400000000e+04
   -1.561713041377678e-04    -2.810113893452829e-04     5.418386090189253e-04     5.065574614266941e-04     1.956358499419046e-04     5.574682439930956e-04     4.417814811259410e-04     3.773746827011061e-04     2.953210767385473e-04    -6.495786989678880e-06    -2.947857536049614e-04    -3.463553936119564e-04     9.396849326875239e-04     1.191109054047341e-03     5.295489687572814e-04    -3.702978367261812e-04    -7.772103477061951e-04    -7.648548763990320e-04    -3.752911252446710e-04    -4.051623074827768e-04    -3.993868916704138e-04    -5.214745103539173e-04     6.860128407596452e-05     5.670412398140014e-05     1.730000000000000e+00     4.051918400000000e+04
    5.877368104559087e-03     4.851290433250400e-03     3.760402410915128e-03     3.288033698850016e-03     2.553261975938548e-03     2.419160950079377e-03     1.849090846484048e-03     1.164431039597120e-03     1.217004330401194e-03     8.605510081040160e-04     6.319122533396017e-04     2.578242485718921e-04     3.082565295733375e-04     1.003501635489985e-04    -6.922585718799905e-05    -2.985044675175259e-04    -4.383641342256812e-04    -3.171165471116307e-04    -3.796478045658329e-04    -4.428173587415019e-04    -3.201866546762813e-04    -2.813387018680815e-04    -1.630611456741795e-04    -3.299503790896140e-04     6.700000000000000e-01     4.051918450000000e+04
    2.998657141680711e-03     2.394485524688392e-03     1.732230939569328e-03     1.681771318601572e-03     1.444497064598208e-03     1.087194023670039e-03     8.236098693715295e-04     6.478166251108554e-04     4.219698563802356e-04     2.226861638775098e-04     1.296920166677663e-05    -4.287287968971987e-04    -6.245636325247865e-04    -4.811255167705713e-04    -4.622074444412129e-04    -3.526482499613420e-04    -2.933539428625326e-04    -1.934873795065241e-04    -2.317279695546113e-04    -4.264690348749734e-04    -4.179527681656378e-04    -4.989007037920105e-04    -8.983639910714983e-05     1.165008620028425e-04     1.200000000000000e+00     4.051918450000000e+04
    1.401874257763502e-03     4.991235026765308e-04     9.694383632270375e-04     7.089889682639906e-04     3.062357376971350e-04     2.227664052376723e-04     6.904658131967104e-04     8.300077570393983e-04     2.039887882875339e-04     2.332795345619307e-04    -5.857171422346085e-04    -2.788067144292836e-04     6.363616494701305e-04     6.976848404444204e-04     4.365796976772263e-04    -4.356919442772810e-04    -7.638977608264245e-04    -1.022209291624603e-03    -4.617042729810894e-04    -3.398569239950563e-04    -3.266280917723696e-04    -5.090502206656065e-04     2.293573383533246e-04     4.825822753834835e-05     1.730000000000000e+00     4.051918450000000e+04
